# N, dt, tmax
# 2, 948.0519480519481, 365000
# t, xSun, ySun, zSun, xJup, yJup, zJup, E
0.000000000000000000e+00,-2.538538502120102781e-03,-4.054773079123795421e-03,7.363862678302768978e-05,2.658740144031779717e+00,4.246769529554976330e+00,-7.712546924771697399e-02,-2.712978880124756464e-08
9.505208333333333712e+02,6.007873247154451798e-03,-3.723556312014326963e-03,-1.189499178011664223e-04,-6.292350409152224877e+00,3.899869407947640365e+00,1.245822828068647858e-01,6.203433703120066015e-10
1.901041666666666742e+03,1.199841357427420749e-02,-7.544137838715984923e-04,-2.653122385391532977e-04,-1.256654717191655557e+01,7.901358244971129485e-01,2.778749657402709849e-01,1.565388281801057880e-10
2.851562500000000000e+03,1.661686797443594904e-02,2.346049167808762770e-03,-3.815217407583840030e-04,-1.740368874248363440e+01,-2.457136299928531997e+00,3.995870722969280808e-01,-6.925358250675488943e-11
3.802083333333333485e+03,2.045844502342440002e-02,5.340294483003021897e-03,-4.799086069594580358e-04,-2.142716725502403818e+01,-5.593161305630578894e+00,5.026326280747159814e-01,-1.349556462236003602e-10
4.752604166666666970e+03,2.380952734567339663e-02,8.207066376603996960e-03,-5.667919125477463268e-04,-2.493692575924904631e+01,-8.595676930638148860e+00,5.936299212892325317e-01,-1.597469892088695972e-10
5.703125000000000000e+03,2.681986074248492863e-02,1.095652977386665089e-02,-6.455642111899430845e-04,-2.808980062891832929e+01,-1.147532941680019114e+01,6.761321454874298365e-01,-1.710515998431717640e-10
6.653645833333333940e+03,2.957709946135829090e-02,1.360264935196136421e-02,-7.182446376022516392e-04,-3.097759660381684910e+01,-1.424674467889416896e+01,7.522540428808970336e-01,-1.769319463463510194e-10
7.604166666666666970e+03,3.213722570245666765e-02,1.615813757635815168e-02,-7.861385120204985102e-04,-3.365894668194751915e+01,-1.692323712686365766e+01,8.233627415667305049e-01,-1.802960287369772857e-10
8.554687500000000000e+03,3.453838917231657341e-02,1.863371202443425689e-02,-8.501438938540026779e-04,-3.617380698616091195e+01,-1.951603182315928819e+01,8.903988247195746553e-01,-1.823631975305163521e-10
9.505208333333333940e+03,3.680789961837136609e-02,2.103826426313076814e-02,-9.109087303067983123e-04,-3.855078040026745612e+01,-2.203444135687509942e+01,9.540409203142035111e-01,-1.837059493348185030e-10
1.045572916666666788e+04,3.896607219399314537e-02,2.337918238452641601e-02,-9.689182302193453597e-04,-4.081114401490708588e+01,-2.448620365161598400e+01,1.014797212182097841e+00,-1.846176475428941167e-10
1.140625000000000000e+04,4.102848974604828697e-02,2.566265056623200091e-02,-1.024546723567555575e-03,-4.297121853606373776e+01,-2.687779571029440717e+01,1.073059755095419510e+00,-1.852594409076088586e-10
1.235677083333333394e+04,4.300740816197116956e-02,2.789389264234880261e-02,-1.078090115675599172e-03,-4.504384017634367865e+01,-2.921468871935064016e+01,1.129138465710364692e+00,-1.857249966650617118e-10
1.330729166666666788e+04,4.491266917098873240e-02,3.007736256947390885e-02,-1.129787100889908342e-03,-4.703931667800116401e+01,-3.150154753346171432e+01,1.183283340724042398e+00,-1.860713677876153531e-10
1.425781250000000000e+04,4.675231563416474417e-02,3.221689195505088310e-02,-1.179833541546202553e-03,-4.896607173741318064e+01,-3.374238518946666687e+01,1.235699516696030065e+00,-1.863347020209014627e-10
1.520833333333333394e+04,4.853301948590989234e-02,3.431580455062389901e-02,-1.228392518081561184e-03,-5.083109320993087010e+01,-3.594068282095948774e+01,1.286557796040554535e+00,-1.865386849517487905e-10
1.615885416666666788e+04,5.026038744764627086e-02,3.637700571003806005e-02,-1.275601540496796096e-03,-5.264025329930798591e+01,-3.809948335240006401e+01,1.336002199956844994e+00,-1.866992933365245361e-10
1.710937500000000000e+04,5.193918453542903380e-02,3.840305289966096380e-02,-1.321577841879572560e-03,-5.439854264857093114e+01,-4.022146534804613083e+01,1.384155512604418270e+00,-1.868275801525795013e-10
1.805989583333333576e+04,5.357350079859499181e-02,4.039621179798640049e-02,-1.366422341950656975e-03,-5.611024497386334531e+01,-4.230900176791377731e+01,1.431123432326121048e+00,-1.869313640563396140e-10
1.901041666666666788e+04,5.516687793746524043e-02,4.235850135148823414e-02,-1.410222667092475481e-03,-5.777906967758904244e+01,-4.436420715705887119e+01,1.476997734677233165e+00,-1.870162859491239259e-10
1.996093750000000000e+04,5.672240698029876182e-02,4.429173029205581147e-02,-1.453055487406234268e-03,-5.940825415044017177e+01,-4.638897589213945594e+01,1.521858720143941746e+00,-1.870864877993293039e-10
2.091145833333333576e+04,5.824280470110507202e-02,4.619752699209973834e-02,-1.494988350454625435e-03,-6.100064380764887773e+01,-4.838501345018248401e+01,1.565777134715094832e+00,-1.871450593782724783e-10
2.186197916666666788e+04,5.973047416474587534e-02,4.807736407350848840e-02,-1.536081138085687971e-03,-6.255875550094352633e+01,-5.035386218279256099e+01,1.608815695687730418e+00,-1.871943386627772883e-10
2.281250000000000000e+04,6.118755324603479540e-02,4.993257884882970621e-02,-1.576387236881338604e-03,-6.408482833506297993e+01,-5.229692272523769958e+01,1.651030317537195424e+00,-1.872361178015503360e-10
2.376302083333333576e+04,6.261595391565384638e-02,5.176439042316413608e-02,-1.615954488156962077e-03,-6.558086481388980360e+01,-5.421547190813073769e+01,1.692471106899906763e+00,-1.872717868425401676e-10
2.471354166666666788e+04,6.401739435111929166e-02,5.357391409891394674e-02,-1.654825966229148300e-03,-6.704866447189360201e+01,-5.611067784425262062e+01,1.733183177692631860e+00,-1.873024356506881408e-10
2.566406250000000000e+04,6.539342541047769852e-02,5.536217358536733857e-02,-1.693040621439960728e-03,-6.848985160137588935e+01,-5.798361271626990998e+01,1.773207324584422429e+00,-1.873289272463546219e-10
2.661458333333333576e+04,6.674545263193092104e-02,5.713011140877730099e-02,-1.730633815605982142e-03,-6.990589829379332798e+01,-5.983526367973828286e+01,1.812580583799560108e+00,-1.873519512941414189e-10
2.756510416666666788e+04,6.807475464944053034e-02,5.887859783724470886e-02,-1.767637771111219220e-03,-7.129814372735420136e+01,-6.166654221058526986e+01,1.851336703475339407e+00,-1.873720636015948661e-10
2.851562500000000000e+04,6.938249871257887169e-02,6.060843857196544782e-02,-1.804081950087733661e-03,-7.266781042174601168e+01,-6.347829216054363854e+01,1.889506540797173839e+00,-1.873897156234089941e-10
2.946614583333333576e+04,7.066975384807590299e-02,6.232038140761098077e-02,-1.839993376550827031e-03,-7.401601802289080467e+01,-6.527129673290565393e+01,1.927118399387118153e+00,-1.874052767356073395e-10
3.041666666666666788e+04,7.193750208655071143e-02,6.401512202638434679e-02,-1.875396911647191859e-03,-7.534379506127076809e+01,-6.704628455093197203e+01,1.964198317585219788e+00,-1.874190512184513806e-10
3.136718750000000000e+04,7.318664809094009571e-02,6.569330906012699201e-02,-1.910315490103129191e-03,-7.665208903626985659e+01,-6.880393495965290640e+01,2.000770316093726908e+00,-1.874312913248689249e-10
3.231770833333333576e+04,7.441802745612560721e-02,6.735554853087799554e-02,-1.944770324361091334e-03,-7.794177510879417525e+01,-7.054488267669120205e+01,2.036856611779648940e+00,-1.874422074235665329e-10
3.326822916666667152e+04,7.563241389717981211e-02,6.900240776111019048e-02,-1.978781081647943817e-03,-7.921366362988698029e+01,-7.226972188765088845e+01,2.072477803127330986e+00,-1.874519759353518669e-10
3.421875000000000000e+04,7.683052550284338866e-02,7.063441882943197192e-02,-2.012366038241168286e-03,-8.046850669031240955e+01,-7.397900986544891566e+01,2.107653031809265443e+00,-1.874607455899129545e-10
3.516927083333333576e+04,7.801303019862046439e-02,7.225208163504220904e-02,-2.045542214426320036e-03,-8.170700384233231262e+01,-7.567327017987433635e+01,2.142400124033892350e+00,-1.874686423936784189e-10
3.611979166666667152e+04,7.918055053825134859e-02,7.385586662404644565e-02,-2.078325493023418322e-03,-8.292980711805880389e+01,-7.735299555299746999e+01,2.176735714684295608e+00,-1.874757736007931352e-10
3.707031250000000000e+04,8.033366792180052229e-02,7.544621722240626993e-02,-2.110730723866146175e-03,-8.413752544727167049e+01,-7.901865040732127454e+01,2.210675356744568276e+00,-1.874822309073439941e-10
3.802083333333333576e+04,8.147292632206004637e-02,7.702355201343333291e-02,-2.142771816219253122e-03,-8.533072856026984709e+01,-8.067067314638126163e+01,2.244233618093248950e+00,-1.874880930361810298e-10
3.897135416666667152e+04,8.259883558756161981e-02,7.858826669206528392e-02,-2.174461820796024392e-03,-8.650995044728330186e+01,-8.230947820155770955e+01,2.277424167404376920e+00,-1.874934278404459895e-10
3.992187500000000000e+04,8.371187437955734945e-02,8.014073582344466429e-02,-2.205813002773489816e-03,-8.767569243452209093e+01,-8.393545787392480406e+01,2.310259850620021815e+00,-1.874982940246175504e-10
4.087239583333333576e+04,8.481249279136832131e-02,8.168131442938758591e-02,-2.236836906986177428e-03,-8.882842592755299904e+01,-8.554898399583947821e+01,2.342752759231010895e+00,-1.875027425598053540e-10
4.182291666666667152e+04,8.590111469111472164e-02,8.321033942302746844e-02,-2.267544416300308271e-03,-8.996859486495954172e+01,-8.715040943351677072e+01,2.374914291415189282e+00,-1.875068178532473210e-10
4.277343750000000000e+04,8.697813982272625810e-02,8.472813090914413370e-02,-2.297945804021983562e-03,-9.109661791883688409e+01,-8.874006944893027082e+01,2.406755206927159829e+00,-1.875105587191562331e-10
4.372395833333333576e+04,8.804394569504561674e-02,8.623499336534001802e-02,-2.328050781069318509e-03,-9.221289047334556699e+01,-9.031828293691809506e+01,2.438285676504066579e+00,-1.875139991881995081e-10
4.467447916666667152e+04,8.909888928458678525e-02,8.773121671723679849e-02,-2.357868538535194680e-03,-9.331778640809683623e+01,-9.188535355129063475e+01,2.469515326443714631e+00,-1.875171691852608014e-10
4.562500000000000000e+04,9.014330857394448060e-02,8.921707731916977968e-02,-2.387407786180408345e-03,-9.441165970940672025e+01,-9.344157073196176100e+01,2.500453278920399036e+00,-1.875200950991879500e-10
4.657552083333333576e+04,9.117752394484621159e-02,9.069283885041190540e-02,-2.416676787323795549e-03,-9.549484592931035820e+01,-9.498721064360948674e+01,2.531108188527105174e+00,-1.875228002635768142e-10
4.752604166666667152e+04,9.220183944229903839e-02,9.215875313571808558e-02,-2.445683390533937365e-03,-9.656766350956651479e+01,-9.652253703507378191e+01,2.561488275467838083e+00,-1.875253053639612741e-10
4.847656250000000000e+04,9.321654392412398460e-02,9.361506089791521434e-02,-2.474435058474346982e-03,-9.763041498562402865e+01,-9.804780202758220753e+01,2.591601355768647252e+00,-1.875276287838882265e-10
4.942708333333333576e+04,9.422191210833869013e-02,9.506199244934368520e-02,-2.502938894209135248e-03,-9.868338808359820291e+01,-9.956324683893180350e+01,2.621454868828888340e+00,-1.875297869000374305e-10
5.037760416666667152e+04,9.521820552927484638e-02,9.649976832816184458e-02,-2.531201665237748852e-03,-9.972685672166115012e+01,-1.010691024499228803e+02,2.651055902594024349e+00,-1.875317943346983294e-10
5.132812500000000000e+04,9.620567341197316935e-02,9.792859988483471056e-02,-2.559229825494378253e-03,-1.007610819258404291e+02,-1.025655902186184392e+02,2.680411216596715107e+00,-1.875336641724402933e-10
5.227864583333333576e+04,9.718455347324234106e-02,9.934868982352915157e-02,-2.587029535519247674e-03,-1.017863126690081685e+02,-1.040529224473750105e+02,2.709527263083240989e+00,-1.875354081465990403e-10
5.322916666666667152e+04,9.815507265676653992e-02,1.007602327026160260e-01,-2.614606680984515961e-03,-1.028027866407969668e+02,-1.055313029070434538e+02,2.738410206416610482e+00,-1.875370368002513609e-10
5.417968750000000000e+04,9.911744780878653516e-02,1.021634153980204573e-01,-2.641966889736249453e-03,-1.038107309552744937e+02,-1.070009273222598409e+02,2.767065940925490075e+00,-1.875385596255454197e-10
5.513020833333333576e+04,1.000718863001261449e-01,1.035584175327649015e-01,-2.669115547495547712e-03,-1.048103628024237395e+02,-1.084619838213271237e+02,2.795500107348786845e+00,-1.875399851846227743e-10
5.608072916666667152e+04,1.010185865996874321e-01,1.049454118756941723e-01,-2.696057812345843338e-03,-1.058018900487933536e+02,-1.099146533538204267e+02,2.823718108008926642e+00,-1.875413212148229275e-10
5.703125000000000000e+04,1.019577388039673571e-01,1.063245647120655557e-01,-2.722798628119370984e-03,-1.067855117920876751e+02,-1.113591100787247115e+02,2.851725120832194538e+00,-1.875425747204542598e-10
5.798177083333333576e+04,1.028895251266543354e-01,1.076960361884118644e-01,-2.749342736783627270e-03,-1.077614188739454306e+02,-1.127955217256274807e+02,2.879526112321691311e+00,-1.875437520530195893e-10
5.893229166666667152e+04,1.038141203519244438e-01,1.090599806338457545e-01,-2.775694689917819480e-03,-1.087297943547004593e+02,-1.142240499312369906e+02,2.907125849577205212e+00,-1.875448589815244554e-10
5.988281250000000000e+04,1.047316922546790430e-01,1.104165468597586020e-01,-2.801858859359913044e-03,-1.096908139535175764e+02,-1.156448505532720219e+02,2.934528911446404820e+00,-1.875459007542238767e-10
6.083333333333333576e+04,1.056424019906258005e-01,1.117658784396782234e-01,-2.827839447096568495e-03,-1.106446464569442298e+02,-1.170580739635712604e+02,2.961739698883072425e+00,-1.875468821529681174e-10
6.178385416666667152e+04,1.065464044588095849e-01,1.131081139708811634e-01,-2.853640494460905550e-03,-1.115914540986076560e+02,-1.184638653220930564e+02,2.988762444580383981e+00,-1.875478075411353224e-10
6.273437500000000000e+04,1.074438486389384662e-01,1.144433873192051143e-01,-2.879265890696537135e-03,-1.125313929125131551e+02,-1.198623648333195035e+02,3.015601221940464871e+00,-1.875486809059885411e-10
6.368489583333333576e+04,1.083348779056149680e-01,1.157718278483709784e-01,-2.904719380940589020e-03,-1.134646130621550242e+02,-1.212537079864378740e+02,3.042259953435403563e+00,-1.875495058961856798e-10
6.463541666666667152e+04,1.092196303213808783e-01,1.170935606350087532e-01,-2.930004573673279829e-03,-1.143912591474364717e+02,-1.226380257805472667e+02,3.068742418409577066e+00,-1.875502858550532558e-10
6.558593750000000000e+04,1.100982389102952985e-01,1.184087066704678226e-01,-2.955124947677107740e-03,-1.153114704912025843e+02,-1.240154449360255313e+02,3.095052260368360564e+00,-1.875510238501587243e-10
6.653645833333334303e+04,1.109708319136082366e-01,1.197173830504021930e-01,-2.980083858544632647e-03,-1.162253814070195972e+02,-1.253860880930908763e+02,3.121192993794061010e+00,-1.875517226996419120e-10
6.748697916666667152e+04,1.118375330289410052e-01,1.210197031530295120e-01,-3.004884544770235200e-03,-1.171331214496811128e+02,-1.267500739985017901e+02,3.147168010526121495e+00,-1.875523849956986752e-10
6.843750000000000000e+04,1.126984616342590062e-01,1.223157768068878215e-01,-3.029530133457989348e-03,-1.180348156497858412e+02,-1.281075176812574625e+02,3.172980585739261450e+00,-1.875530131255575793e-10
6.938802083333334303e+04,1.135537329978025256e-01,1.236057104488435532e-01,-3.054023645674868934e-03,-1.189305847336089954e+02,-1.294585306180873374e+02,3.198633883550171753e+00,-1.875536092902531763e-10
7.033854166666667152e+04,1.144034584750393546e-01,1.248896072730398821e-01,-3.078368001475962311e-03,-1.198205453293806642e+02,-1.308032208894519783e+02,3.224130962280670420e+00,-1.875541755214512727e-10
7.128906250000000000e+04,1.152477456936074063e-01,1.261675673714168222e-01,-3.102566024625972446e-03,-1.207048101609855308e+02,-1.321416933267177569e+02,3.249474779402771851e+00,-1.875547136965499379e-10
7.223958333333334303e+04,1.160866987271316764e-01,1.274396878663863752e-01,-3.126620447039217369e-03,-1.215834882300104738e+02,-1.334740496511132051e+02,3.274668196188916802e+00,-1.875552255522539522e-10
7.319010416666667152e+04,1.169204182587250118e-01,1.287060630361930302e-01,-3.150533912958405555e-03,-1.224566849869866871e+02,-1.348003886050262849e+02,3.299713982088632758e+00,-1.875557126967949529e-10
7.414062500000000000e+04,1.177490017349106521e-01,1.299667844334531641e-01,-3.174308982890839716e-03,-1.233245024926011837e+02,-1.361208060761562422e+02,3.324614818851097553e+00,-1.875561766209521677e-10
7.509114583333334303e+04,1.185725435106467218e-01,1.312219409973246487e-01,-3.197948137319016337e-03,-1.241870395695877960e+02,-1.374353952149945428e+02,3.349373304411457752e+00,-1.875566187079936790e-10
7.604166666666667152e+04,1.193911349860724558e-01,1.324716191597230530e-01,-3.221453780201331482e-03,-1.250443919459488029e+02,-1.387442465460709684e+02,3.373991956557285121e+00,-1.875570402426711851e-10
7.699218750000000000e+04,1.202048647355489219e-01,1.337159029459715764e-01,-3.244828242277235548e-03,-1.258966523901056149e+02,-1.400474480733685709e+02,3.398473216390238250e+00,-1.875574424193561491e-10
7.794270833333334303e+04,1.210138186295182661e-01,1.349548740702375405e-01,-3.268073784190083340e-03,-1.267439108385281088e+02,-1.413450853802800111e+02,3.422819451596772033e+00,-1.875578263494134937e-10
7.889322916666667152e+04,1.218180799496650368e-01,1.361886120260871746e-01,-3.291192599439821641e-03,-1.275862545163491717e+02,-1.426372417244495807e+02,3.447032959540654584e+00,-1.875581930678965941e-10
7.984375000000000000e+04,1.226177294978253451e-01,1.374171941724616208e-01,-3.314186817176809075e-03,-1.284237680514304714e+02,-1.439239981278203970e+02,3.471115970189055933e+00,-1.875585435396241605e-10
8.079427083333334303e+04,1.234128456990536415e-01,1.386406958153567071e-01,-3.337058504847044763e-03,-1.292565335823098565e+02,-1.452054334621819862e+02,3.495070648883046527e+00,-1.875588786647157307e-10
8.174479166666667152e+04,1.242035046992273073e-01,1.398591902854693925e-01,-3.359809670698449963e-03,-1.300846308604272394e+02,-1.464816245304929510e+02,3.518899098962545935e+00,-1.875591992836207216e-10
8.269531250000000000e+04,1.249897804575385574e-01,1.410727490120518568e-01,-3.382442266157010755e-03,-1.309081373469961704e+02,-1.477526461442326138e+02,3.542603364254976572e+00,-1.875595061817125899e-10
8.364583333333334303e+04,1.257717448341975630e-01,1.422814415932017185e-01,-3.404958188080977471e-03,-1.317271283048602584e+02,-1.490185711970189857e+02,3.566185431436206699e+00,-1.875598000934807770e-10
8.459635416666667152e+04,1.265494676736488855e-01,1.434853358627958264e-01,-3.427359280900717231e-03,-1.325416768856490819e+02,-1.502794707347121914e+02,3.589647232271722110e+00,-1.875600817063541446e-10
8.554687500000000000e+04,1.273230168835762233e-01,1.446844979542647458e-01,-3.449647338651249534e-03,-1.333518542125245006e+02,-1.515354140222088404e+02,3.612990645745398854e+00,-1.875603516642051185e-10
8.649739583333334303e+04,1.280924585099558199e-01,1.458789923613894035e-01,-3.471824106903971009e-03,-1.341577294587876850e+02,-1.527864686071172287e+02,3.636217500082709719e+00,-1.875606105705535657e-10
8.744791666666667152e+04,1.288578568083971199e-01,1.470688819962899241e-01,-3.493891284603671196e-03,-1.349593699225976593e+02,-1.540327003804919457e+02,3.659329574674713648e+00,-1.875608589915043199e-10
8.839843750000000000e+04,1.296192743119920499e-01,1.482542282447640303e-01,-3.515850525816437318e-03,-1.357568410980341014e+02,-1.552741736347930441e+02,3.682328601908730903e+00,-1.875610974584396542e-10
8.934895833333334303e+04,1.303767718958830368e-01,1.494350910191248882e-01,-3.537703441393717264e-03,-1.365502067427214286e+02,-1.565109511192250409e+02,3.705216268911192046e+00,-1.875613264704956531e-10
9.029947916666667152e+04,1.311304088387379996e-01,1.506115288086736226e-01,-3.559451600557391945e-03,-1.373395289422155656e+02,-1.577430940926000744e+02,3.727994219207775295e+00,-1.875615464968342706e-10
9.125000000000000000e+04,1.318802428813148908e-01,1.517835987279386178e-01,-3.581096532410441013e-03,-1.381248681713411202e+02,-1.589706623738609039e+02,3.750664054305596018e+00,-1.875617579787352705e-10
9.220052083333334303e+04,1.326263302822807133e-01,1.529513565628002891e-01,-3.602639727377412136e-03,-1.389062833526542136e+02,-1.601937143903898004e+02,3.773227335201888355e+00,-1.875619613315198346e-10
9.315104166666667152e+04,1.333687258714438273e-01,1.541148568146151754e-01,-3.624082638578668934e-03,-1.396838319121941367e+02,-1.614123072242223316e+02,3.795685583823321441e+00,-1.875621569463292075e-10
9.410156250000000000e+04,1.341074831005408252e-01,1.552741527424462142e-01,-3.645426683142114280e-03,-1.404575698326761426e+02,-1.626264966562764585e+02,3.818040284399830231e+00,-1.875623451917558976e-10
9.505208333333334303e+04,1.348426540917179173e-01,1.564292964034965649e-01,-3.666673243455819374e-03,-1.412275517042679382e+02,-1.638363372087019911e+02,3.840292884776568716e+00,-1.875625264153574167e-10
9.600260416666667152e+04,1.355742896838317835e-01,1.575803386918427917e-01,-3.687823668364833760e-03,-1.419938307730828058e+02,-1.650418821854468945e+02,3.862444797667376584e+00,-1.875627009450521479e-10
9.695312500000000000e+04,1.363024394766886305e-01,1.587273293755528392e-01,-3.708879274315150451e-03,-1.427564589875141223e+02,-1.662431837111331561e+02,3.884497401852920362e+00,-1.875628690904072656e-10
9.790364583333334303e+04,1.370271518733346405e-01,1.598703171322716221e-01,-3.729841346447687611e-03,-1.435154870425272975e+02,-1.674402927683277085e+02,3.906452043326478218e+00,-1.875630311438346317e-10
9.885416666666667152e+04,1.377484741204995644e-01,1.610093495833527233e-01,-3.750711139644950440e-03,-1.442709644220190341e+02,-1.686332592332898344e+02,3.928310036390148419e+00,-1.875631873816946687e-10
9.980468750000000000e+04,1.384664523472928788e-01,1.621444733266072524e-01,-3.771489879532812298e-03,-1.450229394393456914e+02,-1.698221319102706275e+02,3.950072664704082026e+00,-1.875633380653220628e-10
1.007552083333333430e+05,1.391811316022436573e-01,1.632757339677387565e-01,-3.792178763439806380e-03,-1.457714592761168717e+02,-1.710069585644369567e+02,3.971741182291191219e+00,-1.875634834419755750e-10
1.017057291666666715e+05,1.398925558887700871e-01,1.644031761505294065e-01,-3.812778961316097212e-03,-1.465165700193446128e+02,-1.721877859534865252e+02,3.993316814499625611e+00,-1.875636237457191943e-10
1.026562500000000000e+05,1.406007681991595093e-01,1.655268435858375242e-01,-3.833291616614166800e-03,-1.472583166970323418e+02,-1.733646598580185412e+02,4.014800758925173518e+00,-1.875637591982418745e-10
1.036067708333333430e+05,1.413058105471350356e-01,1.666467790794634585e-01,-3.853717847133196484e-03,-1.479967433122833711e+02,-1.745376251107190626e+02,4.036194186295620767e+00,-1.875638900096181262e-10
1.045572916666666715e+05,1.420077239990796825e-01,1.677630245589383229e-01,-3.874058745828938208e-03,-1.487318928760037409e+02,-1.757067256244182829e+02,4.057498241318968191e+00,-1.875640163790158769e-10
1.055078125000000000e+05,1.427065487039853586e-01,1.688756210992862772e-01,-3.894315381590790839e-03,-1.494638074382694981e+02,-1.768720044190725389e+02,4.078714043497302377e+00,-1.875641384953544932e-10
1.064583333333333430e+05,1.434023239221908774e-01,1.699846089478084799e-01,-3.914488799987700038e-03,-1.501925281184248320e+02,-1.780335036477219433e+02,4.099842687908021865e+00,-1.875642565379199961e-10
1.074088541666666715e+05,1.440950880529663358e-01,1.710900275479340094e-01,-3.934580023984415170e-03,-1.509180951339733099e+02,-1.791912646214707081e+02,4.120885245953996190e+00,-1.875643706769347819e-10
1.083593750000000000e+05,1.447848786610026472e-01,1.721919155621815523e-01,-3.954590054629497989e-03,-1.516405478283209334e+02,-1.803453278335357481e+02,4.141842766084163685e+00,-1.875644810740926014e-10
1.093098958333333430e+05,1.454717325018560770e-01,1.732903108942708825e-01,-3.974519871716486463e-03,-1.523599246974266634e+02,-1.814957329824054284e+02,4.162716274485998902e+00,-1.875645878830542473e-10
1.102604166666666715e+05,1.461556855464015703e-01,1.743852507104239891e-01,-3.994370434419448890e-03,-1.530762634154123134e+02,-1.826425189941494978e+02,4.183506775751157925e+00,-1.875646912499124304e-10
1.112109375000000000e+05,1.468367730043377284e-01,1.754767714598919337e-01,-4.014142681904154727e-03,-1.537896008591813768e+02,-1.837857240439174120e+02,4.204215253515595663e+00,-1.875647913136260490e-10
1.121614583333333430e+05,1.475150293467916152e-01,1.765649088947412459e-01,-4.033837533916003609e-03,-1.544999731320934586e+02,-1.849253855766621655e+02,4.224842671075320411e+00,-1.875648882064244734e-10
1.131119791666666715e+05,1.481904883280618090e-01,1.776496980889334942e-01,-4.053455891345758566e-03,-1.552074155867381648e+02,-1.860615403271227422e+02,4.245389971978926091e+00,-1.875649820541880493e-10
1.140625000000000000e+05,1.488631830065438866e-01,1.787311734567279542e-01,-4.072998636774139911e-03,-1.559119628468499172e+02,-1.871942243390986107e+02,4.265858080597973334e+00,-1.875650729768031648e-10
1.150130208333333430e+05,1.495331457648714224e-01,1.798093687704373500e-01,-4.092466634996220001e-03,-1.566136488284035124e+02,-1.883234729840461057e+02,4.286247902676210586e+00,-1.875651610884927091e-10
1.159635416666666715e+05,1.502004083293109193e-01,1.808843171775649794e-01,-4.111860733526534820e-03,-1.573125067599272597e+02,-1.894493209790268224e+02,4.306560325858601601e+00,-1.875652464981299877e-10
1.169140625000000000e+05,1.508650017884436423e-01,1.819560512173482580e-01,-4.131181763085772785e-03,-1.580085692020691113e+02,-1.905718024040346279e+02,4.326796220201065246e+00,-1.875653293095278218e-10
1.178645833333333430e+05,1.515269566111649979e-01,1.830246028367348843e-01,-4.150430538069871736e-03,-1.587018680664491228e+02,-1.916909507187286295e+02,4.346956438661769617e+00,-1.875654096217142063e-10
1.188151041666666715e+05,1.521863026640344341e-01,1.840900034058157719e-01,-4.169607857002254406e-03,-1.593924346338299358e+02,-1.928067987785961179e+02,4.367041817574812690e+00,-1.875654875291883225e-10
1.197656250000000000e+05,1.528430692280016157e-01,1.851522837327359561e-01,-4.188714502970031575e-03,-1.600802995716352370e+02,-1.939193788505702685e+02,4.387053177107040902e+00,-1.875655631221624879e-10
1.207161458333333430e+05,1.534972850145369661e-01,1.862114740781064537e-01,-4.207751244044741906e-03,-1.607654929508446173e+02,-1.950287226281240009e+02,4.406991321698740194e+00,-1.875656364867879769e-10
1.216666666666666715e+05,1.541489781811936632e-01,1.872676041689369519e-01,-4.226718833688402135e-03,-1.614480442622918588e+02,-1.961348612458624814e+02,4.426857040488903827e+00,-1.875657077053672959e-10
1.226171875000000000e+05,1.547981763466238503e-01,1.883207032121090307e-01,-4.245618011145436618e-03,-1.621279824323922583e+02,-1.972378252936342449e+02,4.446651107725716479e+00,-1.875657768565552916e-10
1.235677083333333430e+05,1.554449066050725969e-01,1.893707999074075721e-01,-4.264449501821103786e-03,-1.628053358383232023e+02,-1.983376448301800394e+02,4.466374283162897640e+00,-1.875658440155479549e-10
1.245182291666666715e+05,1.560891955403729270e-01,1.904179224601303400e-01,-4.283214017646959013e-03,-1.634801323226813565e+02,-1.994343493963389733e+02,4.486027312442483428e+00,-1.875659092542576800e-10
1.254687500000000000e+05,1.567310692394607852e-01,1.914620985932899977e-01,-4.301912257433941969e-03,-1.641523992076380409e+02,-2.005279680278281376e+02,4.505610927464616999e+00,-1.875659726414821123e-10
1.264192708333333430e+05,1.573705533054317041e-01,1.925033555594252155e-01,-4.320544907213558564e-03,-1.648221633086141367e+02,-2.016185292676140932e+02,4.525125846744894709e+00,-1.875660342430608996e-10
1.273697916666666715e+05,1.580076728701577116e-01,1.935417201520382990e-01,-4.339112640567657081e-03,-1.654894509474938786e+02,-2.027060611778907742e+02,4.544572775759754713e+00,-1.875660941220233434e-10
1.283203125000000000e+05,1.586424526064813545e-01,1.945772187166708855e-01,-4.357616118947273826e-03,-1.661542879653969464e+02,-2.037905913516803764e+02,4.563952407280422285e+00,-1.875661523387277790e-10
1.292708333333333430e+05,1.592749167400058230e-01,1.956098771616334719e-01,-4.376055991980981955e-03,-1.668166997350262477e+02,-2.048721469240707336e+02,4.583265421695851494e+00,-1.875662089509946481e-10
1.302213541666666715e+05,1.599050890604954978e-01,1.966397209684018765e-01,-4.394432897773149424e-03,-1.674767111726091287e+02,-2.059507545831040431e+02,4.602512487325117085e+00,-1.875662640142293354e-10
1.311718750000000000e+05,1.605329929329053495e-01,1.976667752016926238e-01,-4.412747463192541464e-03,-1.681343467494478716e+02,-2.070264405803293357e+02,4.621694260719677594e+00,-1.875663175815420061e-10
1.321223958333333430e+05,1.611586513080501826e-01,1.986910645192302427e-01,-4.431000304151623201e-03,-1.687896305030951964e+02,-2.080992307410323292e+02,4.640811386955898676e+00,-1.875663697038550361e-10
1.330729166666666861e+05,1.617820867329318180e-01,1.997126131812173577e-01,-4.449192025876924986e-03,-1.694425860481696020e+02,-2.091691504741537813e+02,4.659864499918227487e+00,-1.875664204300115794e-10
1.340234375000000000e+05,1.624033213607343207e-01,2.007314450595187871e-01,-4.467323223170846860e-03,-1.700932365868246450e+02,-2.102362247819089305e+02,4.678854222573388455e+00,-1.875664698068713143e-10
1.349739583333333430e+05,1.630223769605027018e-01,2.017475836465713046e-01,-4.485394480665193598e-03,-1.707416049188855425e+02,-2.113004782691181163e+02,4.697781167235927313e+00,-1.875665178794067065e-10
1.359244791666666861e+05,1.636392749265161983e-01,2.027610520640265035e-01,-4.503406373066787260e-03,-1.713877134516660874e+02,-2.123619351522602017e+02,4.716645935825459546e+00,-1.875665646907904836e-10
1.368750000000000000e+05,1.642540362873675663e-01,2.037718730711398640e-01,-4.521359465395478200e-03,-1.720315842094781544e+02,-2.134206192682578660e+02,4.735449120115921673e+00,-1.875666102824792835e-10
1.378255208333333430e+05,1.648666817147603769e-01,2.047800690729127959e-01,-4.539254313214743583e-03,-1.726732388428453646e+02,-2.144765540830055102e+02,4.754191301977131801e+00,-1.875666546942937876e-10
1.387760416666666861e+05,1.654772315320339748e-01,2.057856621279968712e-01,-4.557091462855300187e-03,-1.733126986374322769e+02,-2.155297626996480176e+02,4.772873053608964078e+00,-1.875666979644943047e-10
1.397265625000000000e+05,1.660857057224284228e-01,2.067886739563704612e-01,-4.574871451631871977e-03,-1.739499845226997081e+02,-2.165802678666203462e+02,4.791494937768382201e+00,-1.875667401298499435e-10
1.406770833333333430e+05,1.666921239370960928e-01,2.077891259467927743e-01,-4.592594808053417771e-03,-1.745851170802963850e+02,-2.176280919854552849e+02,4.810057507989630388e+00,-1.875667812257094404e-10
1.416276041666666861e+05,1.672965055028720061e-01,2.087870391640472834e-01,-4.610262052027061866e-03,-1.752181165521968467e+02,-2.186732571183687526e+02,4.828561308797811868e+00,-1.875668212860629908e-10
1.425781250000000000e+05,1.678988694298098050e-01,2.097824343559769877e-01,-4.627873695055930575e-03,-1.758490028485947789e+02,-2.197157849956293774e+02,4.847006875916096469e+00,-1.875668603436035643e-10
1.435286458333333430e+05,1.684992344184939039e-01,2.107753319603232756e-01,-4.645430240431146218e-03,-1.764777955555607321e+02,-2.207556970227205966e+02,4.865394736466809533e+00,-1.875668984297835664e-10
1.444791666666666861e+05,1.690976188671339253e-01,2.117657521113730512e-01,-4.662932183418176321e-03,-1.771045139424730905e+02,-2.217930142873019861e+02,4.883725409166596698e+00,-1.875669355748734647e-10
1.454296875000000000e+05,1.696940408784509691e-01,2.127537146464192341e-01,-4.680380011437728846e-03,-1.777291769692298544e+02,-2.228277575659770946e+02,4.901999404515890113e+00,-1.875669718080088353e-10
1.463802083333333430e+05,1.702885182663620434e-01,2.137392391120450652e-01,-4.697774204241413759e-03,-1.783518032932497874e+02,-2.238599473308739221e+02,4.920217224982887494e+00,-1.875670071572422676e-10
1.473307291666666861e+05,1.708810685624698733e-01,2.147223447702342192e-01,-4.715115234082327064e-03,-1.789724112762700372e+02,-2.248896037560450338e+02,4.938379365182215430e+00,-1.875670416495907215e-10
1.482812500000000000e+05,1.714717090223667473e-01,2.157030506043144946e-01,-4.732403565880775875e-03,-1.795910189909474184e+02,-2.259167467236926257e+02,4.956486312048487441e+00,-1.875670753110792634e-10
1.492317708333333430e+05,1.720604566317556205e-01,2.166813753247407437e-01,-4.749639657385246877e-03,-1.802076442272704924e+02,-2.269413958302251899e+02,4.974538545004919321e+00,-1.875671081667831499e-10
1.501822916666666861e+05,1.726473281123985792e-01,2.176573373747213713e-01,-4.766823959328866239e-03,-1.808223044987888102e+02,-2.279635703921505012e+02,4.992536536127175850e+00,-1.875671402408693932e-10
1.511328125000000000e+05,1.732323399278957732e-01,2.186309549356949544e-01,-4.783956915581442926e-03,-1.814350170486658556e+02,-2.289832894518114017e+02,5.010480750302624742e+00,-1.875671715566348113e-10
1.520833333333333430e+05,1.738155082893018122e-01,2.196022459326604226e-01,-4.801038963297275808e-03,-1.820457988555616851e+02,-2.300005717829683647e+02,5.028371645385136368e+00,-1.875672021365408735e-10
1.530338541666666861e+05,1.743968491605859539e-01,2.205712280393661295e-01,-4.818070533058856422e-03,-1.826546666393509781e+02,-2.310154358962350045e+02,5.046209672345599806e+00,-1.875672320022515434e-10
1.539843750000000000e+05,1.749763782639396359e-01,2.215379186833641434e-01,-4.835052049016623499e-03,-1.832616368666824087e+02,-2.320279000443701705e+02,5.063995275418283981e+00,-1.875672611746644019e-10
1.549348958333333430e+05,1.755541110849383468e-01,2.225023350509302000e-01,-4.851983929024878545e-03,-1.838667257563844259e+02,-2.330379822274323942e+02,5.081728892243192242e+00,-1.875672896739420796e-10
1.558854166666666861e+05,1.761300628775605004e-01,2.234644940918574241e-01,-4.868866584774004733e-03,-1.844699492847227873e+02,-2.340457001977999596e+02,5.099410954004549801e+00,-1.875673175195425530e-10
1.568359375000000000e+05,1.767042486690714176e-01,2.244244125241264820e-01,-4.885700421919115730e-03,-1.850713231905145904e+02,-2.350510714650619946e+02,5.117041885565532411e+00,-1.875673447302499565e-10
1.577864583333333430e+05,1.772766832647734159e-01,2.253821068384551651e-01,-4.902485840205236811e-03,-1.856708629801039194e+02,-2.360541133007835413e+02,5.134622105599387254e+00,-1.875673713241981569e-10
1.587369791666666861e+05,1.778473812526282227e-01,2.263375933027318432e-01,-4.919223233589162247e-03,-1.862685839322032564e+02,-2.370548427431496918e+02,5.152152026717041977e+00,-1.875673973189006359e-10
1.596875000000000000e+05,1.784163570077567096e-01,2.272908879663381176e-01,-4.935912990358037530e-03,-1.868645011026054306e+02,-2.380532766014915467e+02,5.169632055591322661e+00,-1.875674227312720995e-10
1.606380208333333430e+05,1.789836246968165012e-01,2.282420066643603418e-01,-4.952555493244850324e-03,-1.874586293287701722e+02,-2.390494314606985711e+02,5.187062593077904182e+00,-1.875674475776544313e-10
1.615885416666666861e+05,1.795491982822668975e-01,2.291909650216976679e-01,-4.969151119540875239e-03,-1.880509832342891343e+02,-2.400433236855199937e+02,5.204444034333074676e+00,-1.875674718738389229e-10
1.625390625000000000e+05,1.801130915265194421e-01,2.301377784570662888e-01,-4.985700241205178254e-03,-1.886415772332337895e+02,-2.410349694247596517e+02,5.221776768928434009e+00,-1.875674956350864361e-10
1.634895833333333430e+05,1.806753179959798006e-01,2.310824621869056461e-01,-5.002203224971298740e-03,-1.892304255343895250e+02,-2.420243846153663583e+02,5.239061180962620412e+00,-1.875675188761512882e-10
1.644401041666666861e+05,1.812358910649871646e-01,2.320250312291879391e-01,-5.018660432451166331e-03,-1.898175421453797185e+02,-2.430115849864242250e+02,5.256297649170149633e+00,-1.875675416112975884e-10
1.653906250000000000e+05,1.817948239196485183e-01,2.329655004071344848e-01,-5.035072220236363680e-03,-1.904029408766832603e+02,-2.439965860630447594e+02,5.273486547027474991e+00,-1.875675638543196074e-10
1.663411458333333430e+05,1.823521295615766480e-01,2.339038843528415956e-01,-5.051438939996802727e-03,-1.909866353455489332e+02,-2.449794031701647725e+02,5.290628242856337593e+00,-1.875675856185605956e-10
1.672916666666666861e+05,1.829078208115326731e-01,2.348401975108190820e-01,-5.067760938576911650e-03,-1.915686389798098332e+02,-2.459600514362520016e+02,5.307723099924496424e+00,-1.875676069169289134e-10
1.682421875000000000e+05,1.834619103129742079e-01,2.357744541414429351e-01,-5.084038558089384527e-03,-1.921489650216009011e+02,-2.469385457969218294e+02,5.324771476543935123e+00,-1.875676277619140573e-10
1.691927083333333430e+05,1.840144105355169257e-01,2.367066683243267411e-01,-5.100272136006597790e-03,-1.927276265309826897e+02,-2.479149009984674592e+02,5.341773726166590741e+00,-1.875676481656048585e-10
1.701432291666666861e+05,1.845653337783059733e-01,2.376368539616109388e-01,-5.116462005249747258e-03,-1.933046363894740693e+02,-2.488891316013059622e+02,5.358730197477716395e+00,-1.875676681397010629e-10
1.710937500000000000e+05,1.851146921733056727e-01,2.385650247811760272e-01,-5.132608494275764724e-03,-1.938800073034968250e+02,-2.498612519833430099e+02,5.375641234486920439e+00,-1.875676876955314261e-10
1.720442708333333430e+05,1.856624976885070666e-01,2.394911943397795007e-01,-5.148711927162112970e-03,-1.944537518077347329e+02,-2.508312763432582528e+02,5.392507176616967435e+00,-1.875677068440652934e-10
1.729947916666666861e+05,1.862087621310548613e-01,2.404153760261190653e-01,-5.164772623689493913e-03,-1.950258822684098163e+02,-2.517992187037140184e+02,5.409328358790408409e+00,-1.875677255959261456e-10
1.739453125000000000e+05,1.867534971503003183e-01,2.413375830638251340e-01,-5.180790899422547946e-03,-1.955964108864780542e+02,-2.527650929144891450e+02,5.426105111514099910e+00,-1.875677439614050400e-10
1.748958333333333430e+05,1.872967142407764296e-01,2.422578285143834886e-01,-5.196767065788594764e-03,-1.961653497007472140e+02,-2.537289126555405403e+02,5.442837760961670490e+00,-1.875677619504717777e-10
1.758463541666666861e+05,1.878384247451033717e-01,2.431761252799917727e-01,-5.212701430154485088e-03,-1.967327105909189413e+02,-2.546906914399939410e+02,5.459526629054015423e+00,-1.875677795727871045e-10
1.767968750000000000e+05,1.883786398568234599e-01,2.440924861063490381e-01,-5.228594295901604905e-03,-1.972985052805574639e+02,-2.556504426170666306e+02,5.476172033537848094e+00,-1.875677968377148084e-10
1.777473958333333430e+05,1.889173706231659366e-01,2.450069235853827854e-01,-5.244445962499091202e-03,-1.978627453399868728e+02,-2.566081793749231679e+02,5.492774288062391541e+00,-1.875678137543305082e-10
1.786979166666666861e+05,1.894546279477493655e-01,2.459194501579144987e-01,-5.260256725575337272e-03,-1.984254421891194511e+02,-2.575639147434666256e+02,5.509333702254249232e+00,-1.875678303314337513e-10
1.796484375000000000e+05,1.899904225932159685e-01,2.468300781162636737e-01,-5.276026876987759823e-03,-1.989866071002166450e+02,-2.585176615970671037e+02,5.525850581790508365e+00,-1.875678465775556649e-10
1.805989583333333430e+05,1.905247651838064549e-01,2.477388196067953352e-01,-5.291756704891004831e-03,-1.995462512005848623e+02,-2.594694326572286514e+02,5.542325228470139642e+00,-1.875678625009716742e-10
1.815494791666666861e+05,1.910576662078738996e-01,2.486456866324094905e-01,-5.307446493803491538e-03,-2.001043854752079483e+02,-2.604192404951974140e+02,5.558757940283718391e+00,-1.875678781097072920e-10
1.825000000000000000e+05,1.915891360203372251e-01,2.495506910549758484e-01,-5.323096524672464580e-03,-2.006610207693180996e+02,-2.613670975345111174e+02,5.575149011481544292e+00,-1.875678934115485629e-10
1.834505208333333430e+05,1.921191848450799489e-01,2.504538445977142480e-01,-5.338707074937516089e-03,-2.012161677909069795e+02,-2.623130160534927882e+02,5.591498732640179270e+00,-1.875679084140506443e-10
1.844010416666666861e+05,1.926478227772921992e-01,2.513551588475242404e-01,-5.354278418592671451e-03,-2.017698371131788804e+02,-2.632570081876897916e+02,5.607807390727458596e+00,-1.875679231245445277e-10
1.853515625000000000e+05,1.931750597857574414e-01,2.522546452572620446e-01,-5.369810826247031765e-03,-2.023220391769472144e+02,-2.641990859322594929e+02,5.624075269166027624e+00,-1.875679375501458277e-10
1.863020833333333430e+05,1.937009057150910207e-01,2.531523151479688760e-01,-5.385304565184073633e-03,-2.028727842929763767e+02,-2.651392611443027363e+02,5.640302647895423682e+00,-1.875679516977618125e-10
1.872526041666666861e+05,1.942253702879227495e-01,2.540481797110513140e-01,-5.400759899419571575e-03,-2.034220826442701764e+02,-2.660775455451474727e+02,5.656489803432764418e+00,-1.875679655740986421e-10
1.882031250000000000e+05,1.947484631070338645e-01,2.549422500104149281e-01,-5.416177089758250629e-03,-2.039699442883083975e+02,-2.670139507225828766e+02,5.672637008932068348e+00,-1.875679791856678824e-10
1.891536458333333430e+05,1.952701936574440245e-01,2.558345369845510531e-01,-5.431556393849155256e-03,-2.045163791592330256e+02,-2.679484881330459984e+02,5.688744534242245798e+00,-1.875679925387940528e-10
1.901041666666666861e+05,1.957905713084511223e-01,2.567250514485801549e-01,-5.446898066239786590e-03,-2.050613970699853610e+02,-2.688811691037612377e+02,5.704812645963809103e+00,-1.875680056396188661e-10
1.910546875000000000e+05,1.963096053156276888e-01,2.576138040962521192e-01,-5.462202358429046195e-03,-2.056050077143955832e+02,-2.698120048348351361e+02,5.720841607504318915e+00,-1.875680184941099133e-10
1.920052083333333430e+05,1.968273048227701105e-01,2.585008055019035744e-01,-5.477469518919021035e-03,-2.061472206692257316e+02,-2.707410064013066631e+02,5.736831679132609274e+00,-1.875680311080645932e-10
1.929557291666666861e+05,1.973436788638069928e-01,2.593860661223741371e-01,-5.492699793265613112e-03,-2.066880453961678370e+02,-2.716681847551547548e+02,5.752783118031833176e+00,-1.875680434871168330e-10
1.939062500000000000e+05,1.978587363646656661e-01,2.602695962988837985e-01,-5.507893424128076226e-03,-2.072274912437978003e+02,-2.725935507272635050e+02,5.768696178351340187e+00,-1.875680556367413274e-10
1.948567708333333430e+05,1.983724861450955057e-01,2.611514062588701224e-01,-5.523050651317491094e-03,-2.077655674494868379e+02,-2.735171150293468827e+02,5.784571111257439391e+00,-1.875680675622600533e-10
1.958072916666666861e+05,1.988849369204543915e-01,2.620315061177873606e-01,-5.538171711844171868e-03,-2.083022831412712037e+02,-2.744388882558335467e+02,5.800408164983056558e+00,-1.875680792688467151e-10
1.967578125000000000e+05,1.993960973034545336e-01,2.629099058808699318e-01,-5.553256839964069991e-03,-2.088376473396813822e+02,-2.753588808857131198e+02,5.816207584876329051e+00,-1.875680907615311913e-10
1.977083333333333430e+05,1.999059758058714387e-01,2.637866154448589295e-01,-5.568306267224175377e-03,-2.093716689595319451e+02,-2.762771032843440935e+02,5.831969613448166001e+00,-1.875681020452043942e-10
1.986588541666666861e+05,2.004145808402173490e-01,2.646616445996921030e-01,-5.583320222506953090e-03,-2.099043568116730398e+02,-2.771935657052254101e+02,5.847694490418786195e+00,-1.875681131246238529e-10
1.996093750000000000e+05,2.009219207213759351e-01,2.655350030301627529e-01,-5.598298932073857148e-03,-2.104357196047044170e+02,-2.781082782917320060e+02,5.863382452763282515e+00,-1.875681240044156785e-10
2.005598958333333430e+05,2.014280036682047914e-01,2.664067003175421000e-01,-5.613242619607890227e-03,-2.109657659466531072e+02,-2.790212510788153395e+02,5.879033734756217378e+00,-1.875681346890811811e-10
2.015104166666666861e+05,2.019328378051052919e-01,2.672767459411703461e-01,-5.628151506255313352e-03,-2.114945043466156562e+02,-2.799324939946693007e+02,5.894648568015284695e+00,-1.875681451829989378e-10
2.024609375000000000e+05,2.024364311635538094e-01,2.681451492800162040e-01,-5.643025810666460473e-03,-2.120219432163657132e+02,-2.808420168623636641e+02,5.910227181544066788e+00,-1.875681554904302730e-10
2.034114583333333430e+05,2.029387916836082884e-01,2.690119196142048974e-01,-5.657865749035696085e-03,-2.125480908719281956e+02,-2.817498294014442308e+02,5.925769801773896006e+00,-1.875681656155211192e-10
2.043619791666666861e+05,2.034399272153777360e-01,2.698770661265161852e-01,-5.672671535140585281e-03,-2.130729555351203146e+02,-2.826559412295018774e+02,5.941276652604849495e+00,-1.875681755623077044e-10
2.053125000000000000e+05,2.039398455204628480e-01,2.707405979038517430e-01,-5.687443380380203389e-03,-2.135965453350610233e+02,-2.835603618637101704e+02,5.956747955445913512e+00,-1.875681853347183092e-10
2.062630208333333430e+05,2.044385542733697658e-01,2.716025239386764545e-01,-5.702181493812720492e-03,-2.141188683096489456e+02,-2.844631007223331380e+02,5.972183929254306634e+00,-1.875681949365774031e-10
2.072135416666666861e+05,2.049360610628891965e-01,2.724628531304277290e-01,-5.716886082192167151e-03,-2.146399324070102352e+02,-2.853641671262034265e+02,5.987584790574017823e+00,-1.875682043716092636e-10
2.081640625000000000e+05,2.054323733934531049e-01,2.733215942869012816e-01,-5.731557350004492374e-03,-2.151597454869166199e+02,-2.862635703001720344e+02,6.002950753573552234e+00,-1.875682136434394232e-10
2.091145833333333430e+05,2.059274986864594315e-01,2.741787561256068262e-01,-5.746195499502868703e-03,-2.156783153221747682e+02,-2.871613193745292847e+02,6.018282030082916734e+00,-1.875682227555991159e-10
2.100651041666666861e+05,2.064214442815717199e-01,2.750343472751000107e-01,-5.760800730742303422e-03,-2.161956495999872914e+02,-2.880574233863990798e+02,6.033578829629869134e+00,-1.875682317115282758e-10
2.110156250000000000e+05,2.069142174379947630e-01,2.758883762762873726e-01,-5.775373241613545455e-03,-2.167117559232864323e+02,-2.889518912811062705e+02,6.048841359475427559e+00,-1.875682405145772944e-10
2.119661458333333430e+05,2.074058253357187187e-01,2.767408515837074257e-01,-5.789913227876326146e-03,-2.172266418120409810e+02,-2.898447319135175348e+02,6.064069824648689711e+00,-1.875682491680104334e-10
2.129166666666666861e+05,2.078962750767447965e-01,2.775917815667858779e-01,-5.804420883191926950e-03,-2.177403147045370133e+02,-2.907359540493573604e+02,6.079264427980947794e+00,-1.875682576750084089e-10
2.138671875000000000e+05,2.083855736862836316e-01,2.784411745110692005e-01,-5.818896399155143451e-03,-2.182527819586332498e+02,-2.916255663664985605e+02,6.094425370139133769e+00,-1.875682660386704599e-10
2.148177083333333430e+05,2.088737281139274593e-01,2.792890386194324392e-01,-5.833339965325548548e-03,-2.187640508529913461e+02,-2.925135774562286883e+02,6.109552849658613560e+00,-1.875682742620169331e-10
2.157682291666666861e+05,2.093607452348058562e-01,2.801353820132674866e-01,-5.847751769258217880e-03,-2.192741285882821387e+02,-2.933999958244928621e+02,6.124647062975332901e+00,-1.875682823479919709e-10
2.167187500000000000e+05,2.098466318507110628e-01,2.809802127336457067e-01,-5.862131996533820333e-03,-2.197830222883681301e+02,-2.942848298931133399e+02,6.139708204457335228e+00,-1.875682902994652698e-10
2.176692708333333430e+05,2.103313946912066523e-01,2.818235387424611327e-01,-5.876480830788122223e-03,-2.202907390014628390e+02,-2.951680880009858470e+02,6.154736466435678288e+00,-1.875682981192346647e-10
2.186197916666666861e+05,2.108150404147133283e-01,2.826653679235529015e-01,-5.890798453740939827e-03,-2.207972857012675831e+02,-2.960497784052545285e+02,6.169732039234742338e+00,-1.875683058100283008e-10
2.195703125000000000e+05,2.112975756095718527e-01,2.835057080838047083e-01,-5.905085045224526402e-03,-2.213026692880863493e+02,-2.969299092824649051e+02,6.184695111201965467e+00,-1.875683133745059773e-10
2.205208333333333430e+05,2.117790067950888755e-01,2.843445669542261633e-01,-5.919340783211404083e-03,-2.218068965899190346e+02,-2.978084887296956822e+02,6.199625868737003387e+00,-1.875683208152616292e-10
2.214713541666666861e+05,2.122593404225585623e-01,2.851819521910136102e-01,-5.933565843841692722e-03,-2.223099743635337404e+02,-2.986855247656695838e+02,6.214524496320333213e+00,-1.875683281348257054e-10
2.224218750000000000e+05,2.127385828762682340e-01,2.860178713765918479e-01,-5.947760401449890544e-03,-2.228119092955186034e+02,-2.995610253318445757e+02,6.229391176541323460e+00,-1.875683353356663060e-10
2.233723958333333430e+05,2.132167404744838013e-01,2.868523320206362026e-01,-5.961924628591172559e-03,-2.233127080033135030e+02,-3.004349982934846821e+02,6.244226090125761353e+00,-1.875683424201905266e-10
2.243229166666666861e+05,2.136938194704147698e-01,2.876853415610775011e-01,-5.976058696067189369e-03,-2.238123770362224434e+02,-3.013074514407121569e+02,6.259029415962872100e+00,-1.875683493907479738e-10
2.252734375000000000e+05,2.141698260531641473e-01,2.885169073650878380e-01,-5.990162772951359432e-03,-2.243109228764064653e+02,-3.021783924895399878e+02,6.273801331131829251e+00,-1.875683562496301446e-10
2.262239583333333430e+05,2.146447663486572566e-01,2.893470367300491342e-01,-6.004237026613720718e-03,-2.248083519398581984e+02,-3.030478290828864374e+02,6.288542010927765880e+00,-1.875683629990737354e-10
2.271744791666666861e+05,2.151186464205556703e-01,2.901757368845043761e-01,-6.018281622745317444e-03,-2.253046705773580527e+02,-3.039157687915713382e+02,6.303251628887312386e+00,-1.875683696412615725e-10
2.281250000000000000e+05,2.155914722711531617e-01,2.910030149890923123e-01,-6.032296725382104569e-03,-2.257998850754126465e+02,-3.047822191152948790e+02,6.317930356813651116e+00,-1.875683761783243698e-10
2.290755208333333430e+05,2.160632498422550007e-01,2.918288781374651641e-01,-6.046282496928463701e-03,-2.262940016571757553e+02,-3.056471874835987137e+02,6.332578364801121573e+00,-1.875683826123417625e-10
2.300260416666666861e+05,2.165339850160399315e-01,2.926533333571900153e-01,-6.060239098180229822e-03,-2.267870264833522924e+02,-3.065106812568105852e+02,6.347195821259363768e+00,-1.875683889453433419e-10
2.309765625000000000e+05,2.170036836159097149e-01,2.934763876106355474e-01,-6.074166688347343301e-03,-2.272789656530856632e+02,-3.073727077269720098e+02,6.361782892937023703e+00,-1.875683951793121701e-10
2.319270833333333430e+05,2.174723514073184649e-01,2.942980477958415664e-01,-6.088065425076071707e-03,-2.277698252048288055e+02,-3.082332741187502165e+02,6.376339744945035193e+00,-1.875684013161833326e-10
2.328776041666666861e+05,2.179399940985908835e-01,2.951183207473747627e-01,-6.101935464470832626e-03,-2.282596111171993698e+02,-3.090923875903337716e+02,6.390866540779470029e+00,-1.875684073578468338e-10
2.338281250000000000e+05,2.184066173417225087e-01,2.959372132371694830e-01,-6.115776961115610560e-03,-2.287483293098193826e+02,-3.099500552343128561e+02,6.405363442343978697e+00,-1.875684133061488373e-10
2.347786458333333430e+05,2.188722267331679738e-01,2.967547319753536250e-01,-6.129590068095009531e-03,-2.292359856441396744e+02,-3.108062840785445928e+02,6.419830609971835855e+00,-1.875684191628917699e-10
2.357291666666666861e+05,2.193368278146141659e-01,2.975708836110599886e-01,-6.143374937014924042e-03,-2.297225859242494437e+02,-3.116610810870033106e+02,6.434268202447578133e+00,-1.875684249298369057e-10
2.366796875000000000e+05,2.198004260737376203e-01,2.983856747332246373e-01,-6.157131718022821470e-03,-2.302081358976713261e+02,-3.125144531606161422e+02,6.448676377028268902e+00,-1.875684306087050907e-10
2.376302083333333430e+05,2.202630269449521450e-01,2.991991118713716036e-01,-6.170860559827694852e-03,-2.306926412561422524e+02,-3.133664071380845257e+02,6.463055289464379349e+00,-1.875684362011764320e-10
2.385807291666666861e+05,2.207246358101395689e-01,3.000112014963834950e-01,-6.184561609719640973e-03,-2.311761076363803227e+02,-3.142169497966918925e+02,6.477405094020298293e+00,-1.875684417088936070e-10
2.395312500000000000e+05,2.211852579993700552e-01,3.008219500212589992e-01,-6.198235013589105391e-03,-2.316585406208381528e+02,-3.150660878530975992e+02,6.491725943494492057e+00,-1.875684471334609325e-10
2.404817708333333430e+05,2.216448987916079805e-01,3.016313638018595089e-01,-6.211880915945783982e-03,-2.321399457384430320e+02,-3.159138279641173312e+02,6.506017989239293975e+00,-1.875684524764471565e-10
2.414322916666666861e+05,2.221035634154062688e-01,3.024394491376407590e-01,-6.225499459937201829e-03,-2.326203284653236949e+02,-3.167601767274906592e+02,6.520281381180366154e+00,-1.875684577393847344e-10
2.423828125000000000e+05,2.225612570495887343e-01,3.032462122723735831e-01,-6.239090787366955576e-03,-2.330996942255247575e+02,-3.176051406826355219e+02,6.534516267835813075e+00,-1.875684629237722074e-10
2.433333333333333430e+05,2.230179848239193241e-01,3.040516593948527913e-01,-6.252655038712657404e-03,-2.335780483917084496e+02,-3.184487263113907716e+02,6.548722796334960350e+00,-1.875684680310737886e-10
2.442838541666666861e+05,2.234737518197611461e-01,3.048557966395935015e-01,-6.266192353143556354e-03,-2.340553962858442958e+02,-3.192909400387453616e+02,6.562901112436822615e+00,-1.875684730627210173e-10
2.452343750000000000e+05,2.239285630707239516e-01,3.056586300875172579e-01,-6.279702868537854338e-03,-2.345317431798866608e+02,-3.201317882335563922e+02,6.577051360548242798e+00,-1.875684780201140002e-10
2.461848958333333430e+05,2.243824235632989605e-01,3.064601657666246037e-01,-6.293186721499758468e-03,-2.350070942964408687e+02,-3.209712772092551063e+02,6.591173683741722300e+00,-1.875684829046211008e-10
2.471354166666666861e+05,2.248353382374836951e-01,3.072604096526596607e-01,-6.306644047376179507e-03,-2.354814548094175848e+02,-3.218094132245412311e+02,6.605268223772955416e+00,-1.875684877175809041e-10
2.480859375000000000e+05,2.252873119873985974e-01,3.080593676697611638e-01,-6.320074980273211740e-03,-2.359548298446762544e+02,-3.226462024840658387e+02,6.619335121098053776e+00,-1.875684924603023201e-10
2.490364583333333430e+05,2.257383496618867724e-01,3.088570456911046147e-01,-6.333479653072290189e-03,-2.364272244806574292e+02,-3.234816511391035192e+02,6.633374514890490126e+00,-1.875684971340651005e-10
2.499869791666666861e+05,2.261884560651119536e-01,3.096534495395331099e-01,-6.346858197446108435e-03,-2.368986437490044068e+02,-3.243157652882132425e+02,6.647386543057750785e+00,-1.875685017401219070e-10
2.509375000000000000e+05,2.266376359571382615e-01,3.104485849881786219e-01,-6.360210743874238071e-03,-2.373690926351743258e+02,-3.251485509778889877e+02,6.661371342257708328e+00,-1.875685062796967601e-10
2.518880208333333430e+05,2.270858940545055216e-01,3.112424577610728438e-01,-6.373537421658501817e-03,-2.378385760790389725e+02,-3.259800142031995165e+02,6.675329047914726033e+00,-1.875685107539883479e-10
2.528385416666666861e+05,2.275332350307943674e-01,3.120350735337484860e-01,-6.386838358938096843e-03,-2.383070989754755544e+02,-3.268101609084180268e+02,6.689259794235484335e+00,-1.875685151641690956e-10
2.537890625000000000e+05,2.279796635171780217e-01,3.128264379338305812e-01,-6.400113682704464818e-03,-2.387746661749474981e+02,-3.276389969876419173e+02,6.703163714224556813e+00,-1.875685195113852686e-10
2.547395833333333430e+05,2.284251841029705243e-01,3.136165565416195733e-01,-6.413363518815894809e-03,-2.392412824840756684e+02,-3.284665282854026600e+02,6.717040939699718827e+00,-1.875685237967596612e-10
2.556901041666666861e+05,2.288698013361611938e-01,3.144054348906633045e-01,-6.426587992011914552e-03,-2.397069526661999816e+02,-3.292927605972656693e+02,6.730891601307003924e+00,-1.875685280213906660e-10
2.566406250000000000e+05,2.293135197239419831e-01,3.151930784683214526e-01,-6.439787225927431913e-03,-2.401716814419318666e+02,-3.301176996704213025e+02,6.744715828535525759e+00,-1.875685321863527905e-10
2.575911458333333430e+05,2.297563437332283964e-01,3.159794927163210865e-01,-6.452961343106650843e-03,-2.406354734896976595e+02,-3.309413512042659704e+02,6.758513749732038889e+00,-1.875685362926984152e-10
2.585416666666666861e+05,2.301982777911666389e-01,3.167646830313022299e-01,-6.466110465016747938e-03,-2.410983334462728180e+02,-3.317637208509747779e+02,6.772285492115279304e+00,-1.875685403414571733e-10
2.594921875000000000e+05,2.306393262856383242e-01,3.175486547653563196e-01,-6.479234712061330420e-03,-2.415602659073076666e+02,-3.325848142160645580e+02,6.786031181790062483e+00,-1.875685443336369842e-10
2.604427083333333430e+05,2.310794935657516369e-01,3.183314132265555596e-01,-6.492334203593713715e-03,-2.420212754278444720e+02,-3.334046368589486065e+02,6.799750943761154076e+00,-1.875685482702248813e-10
2.613932291666666861e+05,2.315187839423291649e-01,3.191129636794745039e-01,-6.505409057929900651e-03,-2.424813665228261641e+02,-3.342231942934827771e+02,6.813444901946922982e+00,-1.875685521521867014e-10
2.623437500000000000e+05,2.319572016883848509e-01,3.198933113457027577e-01,-6.518459392361460047e-03,-2.429405436675967564e+02,-3.350404919885028789e+02,6.827113179192771497e+00,-1.875685559804690491e-10
2.632942708333333721e+05,2.323947510395936167e-01,3.206724614043510169e-01,-6.531485323168124274e-03,-2.433988112983937810e+02,-3.358565353683543435e+02,6.840755897284346077e+00,-1.875685597559978500e-10
2.642447916666666861e+05,2.328314361947545486e-01,3.214504189925484479e-01,-6.544486965630161301e-03,-2.438561738128328216e+02,-3.366713298134130810e+02,6.854373176960549152e+00,-1.875685634796802107e-10
2.651953125000000000e+05,2.332672613162471986e-01,3.222271892059331844e-01,-6.557464434040684298e-03,-2.443126355703842307e+02,-3.374848806605989466e+02,6.867965137926330677e+00,-1.875685671524049371e-10
2.661458333333333721e+05,2.337022305304767844e-01,3.230027770991337199e-01,-6.570417841717593466e-03,-2.447682008928423159e+02,-3.382971932038810792e+02,6.881531898865293151e+00,-1.875685707750418094e-10
2.670963541666666861e+05,2.341363479283180560e-01,3.237771876862451936e-01,-6.583347301015476244e-03,-2.452228740647869927e+02,-3.391082726947759625e+02,6.895073577452081715e+00,-1.875685743484433406e-10
2.680468750000000000e+05,2.345696175655465066e-01,3.245504259412976822e-01,-6.596252923337205670e-03,-2.456766593340382769e+02,-3.399181243428373023e+02,6.908590290364588604e+00,-1.875685778734443629e-10
2.689973958333333721e+05,2.350020434632671407e-01,3.253224967987164984e-01,-6.609134819145462414e-03,-2.461295609121034147e+02,-3.407267533161392521e+02,6.922082153295970208e+00,-1.875685813508629578e-10
2.699479166666666861e+05,2.354336296083348046e-01,3.260934051537771605e-01,-6.621993097973972314e-03,-2.465815829746172199e+02,-3.415341647417518516e+02,6.935549280966465169e+00,-1.875685847814999396e-10
2.708984375000000000e+05,2.358643799537663011e-01,3.268631558630519240e-01,-6.634827868438671061e-03,-2.470327296617753063e+02,-3.423403637062098710e+02,6.948991787135041065e+00,-1.875685881661408196e-10
2.718489583333333721e+05,2.362942984191498397e-01,3.276317537448514283e-01,-6.647639238248598259e-03,-2.474830050787606979e+02,-3.431453552559739819e+02,6.962409784610854580e+00,-1.875685915055548759e-10
2.727994791666666861e+05,2.367233888910442730e-01,3.283992035796572395e-01,-6.660427314216718631e-03,-2.479324132961637019e+02,-3.439491443978857319e+02,6.975803385264530476e+00,-1.875685948004957733e-10
2.737500000000000000e+05,2.371516552233741137e-01,3.291655101105519510e-01,-6.673192202270503831e-03,-2.483809583503955309e+02,-3.447517360996155276e+02,6.989172700039279817e+00,-1.875685980517024944e-10
2.747005208333333721e+05,2.375791012378196676e-01,3.299306780436386255e-01,-6.685934007462368545e-03,-2.488286442440950736e+02,-3.455531352901040805e+02,7.002517838961836993e+00,-1.875686012598986153e-10
2.756510416666666861e+05,2.380057307241973952e-01,3.306947120484564628e-01,-6.698652833979995558e-03,-2.492754749465299255e+02,-3.463533468599971457e+02,7.015838911153232438e+00,-1.875686044257940639e-10
2.766015625000000000e+05,2.384315474408384983e-01,3.314576167583915822e-01,-6.711348785156414504e-03,-2.497214543939909106e+02,-3.471523756620741210e+02,7.029136024839405472e+00,-1.875686075500848092e-10
2.775520833333333721e+05,2.388565551149597344e-01,3.322193967710778129e-01,-6.724021963480032033e-03,-2.501665864901807481e+02,-3.479502265116704507e+02,7.042409287361649284e+00,-1.875686106334518277e-10
2.785026041666666861e+05,2.392807574430275697e-01,3.329800566487952640e-01,-6.736672470604408713e-03,-2.506108751065967795e+02,-3.487469041870937758e+02,7.055658805186907578e+00,-1.875686136765644119e-10
2.794531250000000000e+05,2.397041580911196679e-01,3.337396009188622337e-01,-6.749300407357976955e-03,-2.510543240829078684e+02,-3.495424134300340029e+02,7.068884683917906919e+00,-1.875686166800772752e-10
2.804036458333333721e+05,2.401267606952783851e-01,3.344980340740202340e-01,-6.761905873753557700e-03,-2.514969372273255885e+02,-3.503367589459674036e+02,7.082087028303140741e+00,-1.875686196446333438e-10
2.813541666666666861e+05,2.405485688618596019e-01,3.352553605728150199e-01,-6.774488968997738336e-03,-2.519387183169698403e+02,-3.511299454045552011e+02,7.095265942246706814e+00,-1.875686225708622055e-10
2.823046875000000000e+05,2.409695861678782247e-01,3.360115848399722882e-01,-6.787049791500132656e-03,-2.523796710982290392e+02,-3.519219774400363008e+02,7.108421528817992829e+00,-1.875686254593821778e-10
2.832552083333333721e+05,2.413898161613441395e-01,3.367667112667644957e-01,-6.799588438882519376e-03,-2.528197992871147619e+02,-3.527128596516141101e+02,7.121553890261224318e+00,-1.875686283107984984e-10
2.842057291666666861e+05,2.418092623615992753e-01,3.375207442113787870e-01,-6.812105007987769023e-03,-2.532591065696112764e+02,-3.535025966038382990e+02,7.134663128004866905e+00,-1.875686311257057552e-10
2.851562500000000000e+05,2.422279282596426775e-01,3.382736879992729317e-01,-6.824599594888736132e-03,-2.536975966020197859e+02,-3.542911928269807049e+02,7.147749342670887351e+00,-1.875686339046863866e-10
2.861067708333333721e+05,2.426458173184566913e-01,3.390255469235317065e-01,-6.837072294896960611e-03,-2.541352730112975848e+02,-3.550786528174066348e+02,7.160812634083890238e+00,-1.875686366483119744e-10
2.870572916666666861e+05,2.430629329733267063e-01,3.397763252452146165e-01,-6.849523202571223407e-03,-2.545721393953922700e+02,-3.558649810379398559e+02,7.173853101280102784e+00,-1.875686393571432955e-10
2.880078125000000000e+05,2.434792786321520186e-01,3.405260271937002869e-01,-6.861952411726091744e-03,-2.550081993235708069e+02,-3.566501819182234385e+02,7.186870842516247748e+00,-1.875686420317303215e-10
2.889583333333333721e+05,2.438948576757600240e-01,3.412746569670270791e-01,-6.874360015440141719e-03,-2.554434563367441910e+02,-3.574342598550749699e+02,7.199865955278272445e+00,-1.875686446726123224e-10
2.899088541666666861e+05,2.443096734582077545e-01,3.420222187322248253e-01,-6.886746106064291911e-03,-2.558779139477870501e+02,-3.582172192128372217e+02,7.212838536289956970e+00,-1.875686472803191592e-10
2.908593750000000000e+05,2.447237293070843034e-01,3.427687166256478957e-01,-6.899110775229817805e-03,-2.563115756418524711e+02,-3.589990643237234167e+02,7.225788681521399859e+00,-1.875686498553695775e-10
2.918098958333333721e+05,2.451370285238079205e-01,3.435141547532987172e-01,-6.911454113856400905e-03,-2.567444448766827350e+02,-3.597797994881582326e+02,7.238716486197379396e+00,-1.875686523982738444e-10
2.927604166666666861e+05,2.455495743839164469e-01,3.442585371911486281e-01,-6.923776212159931526e-03,-2.571765250829149636e+02,-3.605594289751135761e+02,7.251622044805590583e+00,-1.875686549095313183e-10
2.937109375000000000e+05,2.459613701373564165e-01,3.450018679854558457e-01,-6.936077159660332392e-03,-2.576078196643831006e+02,-3.613379570224404915e+02,7.264505451104775524e+00,-1.875686573896333447e-10
2.946614583333333721e+05,2.463724190087663857e-01,3.457441511530758849e-01,-6.948357045189142850e-03,-2.580383319984146624e+02,-3.621153878371954988e+02,7.277366798132723247e+00,-1.875686598390608774e-10
2.956119791666666861e+05,2.467827241977567088e-01,3.464853906817697560e-01,-6.960615956897103079e-03,-2.584680654361239931e+02,-3.628917255959633508e+02,7.290206178214169164e+00,-1.875686622582869602e-10
2.965625000000000000e+05,2.471922888791857620e-01,3.472255905305083878e-01,-6.972853982261564831e-03,-2.588970233027008021e+02,-3.636669744451747306e+02,7.303023682968575514e+00,-1.875686646477755381e-10
2.975130208333333721e+05,2.476011162034303936e-01,3.479647546297710559e-01,-6.985071208093801554e-03,-2.593252088976951200e+02,-3.644411385014203120e+02,7.315819403317798120e+00,-1.875686670079818706e-10
2.984635416666666861e+05,2.480092092966552642e-01,3.487028868818418115e-01,-6.997267720546249126e-03,-2.597526254952977638e+02,-3.652142218517598167e+02,7.328593429493658107e+00,-1.875686693393528421e-10
2.994140625000000000e+05,2.484165712610766352e-01,3.494399911610999165e-01,-7.009443605119628634e-03,-2.601792763446167669e+02,-3.659862285540273774e+02,7.341345851045392834e+00,-1.875686716423274269e-10
3.003645833333333721e+05,2.488232051752219398e-01,3.501760713143078352e-01,-7.021598946669961594e-03,-2.606051646699506250e+02,-3.667571626371326374e+02,7.354076756847014451e+00,-1.875686739173364828e-10
3.013151041666666861e+05,2.492291140941882421e-01,3.509111311608954509e-01,-7.033733829415477617e-03,-2.610302936710567678e+02,-3.675270281013580416e+02,7.366786235104556546e+00,-1.875686761648026990e-10
3.022656250000000000e+05,2.496343010498933701e-01,3.516451744932391765e-01,-7.045848336943473511e-03,-2.614546665234170177e+02,-3.682958289186514662e+02,7.379474373363223982e+00,-1.875686783851413202e-10
3.032161458333333721e+05,2.500387690513266037e-01,3.523782050769375118e-01,-7.057942552217005838e-03,-2.618782863784986716e+02,-3.690635690329157228e+02,7.392141258514446811e+00,-1.875686805787606118e-10
3.041666666666666861e+05,2.504425210847958105e-01,3.531102266510850463e-01,-7.070016557581583483e-03,-2.623011563640129111e+02,-3.698302523602939686e+02,7.404786976802832932e+00,-1.875686827460606190e-10
3.051171875000000000e+05,2.508455601141681424e-01,3.538412429285400229e-01,-7.082070434771634698e-03,-2.627232795841684379e+02,-3.705958827894509113e+02,7.417411613833023054e+00,-1.875686848874344593e-10
3.060677083333333721e+05,2.512478890811109533e-01,3.545712575961892377e-01,-7.094104264917053954e-03,-2.631446591199226077e+02,-3.713604641818510004e+02,7.430015254576457728e+00,-1.875686870032684778e-10
3.070182291666666861e+05,2.516495109053269452e-01,3.553002743152127163e-01,-7.106118128549523266e-03,-2.635652980292283587e+02,-3.721240003720323557e+02,7.442597983378044013e+00,-1.875686890939417817e-10
3.079687500000000000e+05,2.520504284847879806e-01,3.560282967213375116e-01,-7.118112105608784962e-03,-2.639851993472784670e+02,-3.728864951678773991e+02,7.455159883962741318e+00,-1.875686911598271710e-10
3.089192708333333721e+05,2.524506446959637884e-01,3.567553284250966072e-01,-7.130086275448876271e-03,-2.644043660867456538e+02,-3.736479523508797911e+02,7.467701039442048661e+00,-1.875686932012903630e-10
3.098697916666666861e+05,2.528501623940495602e-01,3.574813730120778299e-01,-7.142040716844197390e-03,-2.648228012380203040e+02,-3.744083756764081841e+02,7.480221532320403988e+00,-1.875686952186904573e-10
3.108203125000000000e+05,2.532489844131873280e-01,3.582064340431738714e-01,-7.153975507995596894e-03,-2.652405077694439228e+02,-3.751677688739659970e+02,7.492721444501508010e+00,-1.875686972123808152e-10
3.117708333333333721e+05,2.536471135666895638e-01,3.589305150548272039e-01,-7.165890726536259386e-03,-2.656574886275405447e+02,-3.759261356474483478e+02,7.505200857294546779e+00,-1.875686991827083356e-10
3.127213541666666861e+05,2.540445526472530080e-01,3.596536195592705543e-01,-7.177786449537634783e-03,-2.660737467372438800e+02,-3.766834796753952901e+02,7.517659851420345873e+00,-1.875687011300135067e-10
3.136718750000000000e+05,2.544413044271764957e-01,3.603757510447678225e-01,-7.189662753515173310e-03,-2.664892850021224149e+02,-3.774398046112422094e+02,7.530098507017432219e+00,-1.875687030546312849e-10
3.146223958333333721e+05,2.548373716585701221e-01,3.610969129758483387e-01,-7.201519714434091723e-03,-2.669041063046009299e+02,-3.781951140835664091e+02,7.542516903648015081e+00,-1.875687049568908882e-10
3.155729166666666861e+05,2.552327570735644091e-01,3.618171087935397878e-01,-7.213357407714959119e-03,-2.673182135061788358e+02,-3.789494116963309693e+02,7.554915120303896892e+00,-1.875687068371149686e-10
3.165234375000000000e+05,2.556274633845183608e-01,3.625363419155986922e-01,-7.225175908239303557e-03,-2.677316094476464059e+02,-3.797027010291253646e+02,7.567293235412293484e+00,-1.875687086956214738e-10
3.174739583333333721e+05,2.560214932842193036e-01,3.632546157367362305e-01,-7.236975290355083384e-03,-2.681442969492970860e+02,-3.804549856374031833e+02,7.579651326841587711e+00,-1.875687105327225609e-10
3.184244791666666861e+05,2.564148494460865013e-01,3.639719336288429474e-01,-7.248755627882078750e-03,-2.685562788111380428e+02,-3.812062690527163795e+02,7.591989471906999576e+00,-1.875687123487251658e-10
3.193750000000000000e+05,2.568075345243669982e-01,3.646882989412099096e-01,-7.260516994117310885e-03,-2.689675578130969598e+02,-3.819565547829469665e+02,7.604307747376184423e+00,-1.875687141439302787e-10
3.203255208333333721e+05,2.571995511543314628e-01,3.654037150007458656e-01,-7.272259461840208106e-03,-2.693781367152269013e+02,-3.827058463125356411e+02,7.616606229474760070e+00,-1.875687159186346507e-10
3.212760416666666861e+05,2.575909019524678101e-01,3.661181851121941833e-01,-7.283983103317917540e-03,-2.697880182579077655e+02,-3.834541471027076796e+02,7.628884993891761113e+00,-1.875687176731292426e-10
3.222265625000000000e+05,2.579815895166697182e-01,3.668317125583449023e-01,-7.295687990310370519e-03,-2.701972051620458615e+02,-3.842014605916955361e+02,7.641144115785015067e+00,-1.875687194077004656e-10
3.231770833333333721e+05,2.583716164264258097e-01,3.675443006002452329e-01,-7.307374194075420826e-03,-2.706057001292700761e+02,-3.849477901949592251e+02,7.653383669786461674e+00,-1.875687211226297163e-10
3.241276041666666861e+05,2.587609852430039492e-01,3.682559524774062787e-01,-7.319041785373757436e-03,-2.710135058421261647e+02,-3.856931393054035198e+02,7.665603730007388705e+00,-1.875687228181936866e-10
3.250781250000000000e+05,2.591496985096330974e-01,3.689666714080095389e-01,-7.330690834473949091e-03,-2.714206249642679154e+02,-3.864375112935929906e+02,7.677804370043614490e+00,-1.875687244946643638e-10
3.260286458333333721e+05,2.595377587516880524e-01,3.696764605891083022e-01,-7.342321411157239075e-03,-2.718270601406465516e+02,-3.871809095079635199e+02,7.689985662980593162e+00,-1.875687261523090307e-10
3.269791666666666861e+05,2.599251684768610904e-01,3.703853231968277093e-01,-7.353933584722437133e-03,-2.722328139976967805e+02,-3.879233372750319973e+02,7.702147681398455958e+00,-1.875687277913907306e-10
3.279296875000000000e+05,2.603119301753431536e-01,3.710932623865617064e-01,-7.365527423990582412e-03,-2.726378891435214200e+02,-3.886647978996028883e+02,7.714290497376995681e+00,-1.875687294121679058e-10
3.288802083333333721e+05,2.606980463199937148e-01,3.718002812931695544e-01,-7.377102997309724353e-03,-2.730422881680726732e+02,-3.894052946649728710e+02,7.726414182500575656e+00,-1.875687310148945526e-10
3.298307291666666861e+05,2.610835193665170806e-01,3.725063830311663438e-01,-7.388660372559502365e-03,-2.734460136433320372e+02,-3.901448308331321755e+02,7.738518807862987181e+00,-1.875687325998209963e-10
3.307812500000000000e+05,2.614683517536244839e-01,3.732115706949152845e-01,-7.400199617155732434e-03,-2.738490681234871431e+02,-3.908834096449639901e+02,7.750604444072239474e+00,-1.875687341671927028e-10
3.317317708333333721e+05,2.618525459032066127e-01,3.739158473588140019e-01,-7.411720798054938220e-03,-2.742514541451066634e+02,-3.916210343204413675e+02,7.762671161255286556e+00,-1.875687357172516226e-10
3.326822916666666861e+05,2.622361042204965909e-01,3.746192160774823865e-01,-7.423223981758778067e-03,-2.746531742273132295e+02,-3.923577080588217996e+02,7.774719029062702624e+00,-1.875687372502353631e-10
3.336328125000000000e+05,2.626190290942322925e-01,3.753216798859431158e-01,-7.434709234318499782e-03,-2.750542308719534503e+02,-3.930934340388389501e+02,7.786748116673294362e+00,-1.875687387663778098e-10
3.345833333333333721e+05,2.630013228968188788e-01,3.760232417998043974e-01,-7.446176621339221924e-03,-2.754546265637667943e+02,-3.938282154188926825e+02,7.798758492798648412e+00,-1.875687402659088671e-10
3.355338541666666861e+05,2.633829879844846733e-01,3.767239048154400471e-01,-7.457626207984305311e-03,-2.758543637705512310e+02,-3.945620553372364157e+02,7.810750225687637993e+00,-1.875687417490548724e-10
3.364843750000000000e+05,2.637640266974401460e-01,3.774236719101637938e-01,-7.469058058979509418e-03,-2.762534449433278496e+02,-3.952949569121626041e+02,7.822723383130855801e+00,-1.875687432160382854e-10
3.374348958333333721e+05,2.641444413600315677e-01,3.781225460424060270e-01,-7.480472238617266734e-03,-2.766518725165024080e+02,-3.960269232421853758e+02,7.834678032465006048e+00,-1.875687446670779473e-10
3.383854166666666861e+05,2.645242342808939995e-01,3.788205301518861035e-01,-7.491868810760735076e-03,-2.770496489080259721e+02,-3.967579574062215784e+02,7.846614240577234334e+00,-1.875687461023891834e-10
3.393359375000000000e+05,2.649034077531033926e-01,3.795176271597822115e-01,-7.503247838847953988e-03,-2.774467765195523157e+02,-3.974880624637692677e+02,7.858532073909400673e+00,-1.875687475221840105e-10
3.402864583333333721e+05,2.652819640543231383e-01,3.802138399689001247e-01,-7.514609385895834603e-03,-2.778432577365945235e+02,-3.982172414550845474e+02,7.870431598462314327e+00,-1.875687489266707746e-10
3.412369791666666861e+05,2.656599054469532817e-01,3.809091714638404014e-01,-7.525953514504142572e-03,-2.782390949286787531e+02,-3.989454974013556239e+02,7.882312879799896699e+00,-1.875687503160545650e-10
3.421875000000000000e+05,2.660372341782752947e-01,3.816036245111620318e-01,-7.537280286859474043e-03,-2.786342904494968025e+02,-3.996728333048754394e+02,7.894175983053311363e+00,-1.875687516905369551e-10
3.431380208333333721e+05,2.664139524805946291e-01,3.822972019595458626e-01,-7.548589764739092878e-03,-2.790288466370560627e+02,-4.003992521492117476e+02,7.906020972925034584e+00,-1.875687530503169853e-10
3.440885416666666861e+05,2.667900625713852669e-01,3.829899066399551355e-01,-7.559882009514816426e-03,-2.794227658138286188e+02,-4.011247568993759955e+02,7.917847913692871664e+00,-1.875687543955894566e-10
3.450390625000000000e+05,2.671655666534267226e-01,3.836817413657940268e-01,-7.571157082156776408e-03,-2.798160502868973367e+02,-4.018493505019889653e+02,7.929656869213937753e+00,-1.875687557265469470e-10
3.459895833333333721e+05,2.675404669149437087e-01,3.843727089330646329e-01,-7.582415043237179797e-03,-2.802087023481011556e+02,-4.025730358854457336e+02,7.941447902928577385e+00,-1.875687570433789326e-10
3.469401041666666861e+05,2.679147655297429154e-01,3.850628121205228460e-01,-7.593655952934000308e-03,-2.806007242741782761e+02,-4.032958159600778458e+02,7.953221077864244926e+00,-1.875687583462711155e-10
3.478906250000000000e+05,2.682884646573480136e-01,3.857520536898302321e-01,-7.604879871034676830e-03,-2.809921183269070752e+02,-4.040176936183142971e+02,7.964976456639337066e+00,-1.875687596354069745e-10
3.488411458333333721e+05,2.686615664431322159e-01,3.864404363857079083e-01,-7.616086856939652261e-03,-2.813828867532465097e+02,-4.047386717348398406e+02,7.976714101466971130e+00,-1.875687609109668352e-10
3.497916666666666861e+05,2.690340730184521689e-01,3.871279629360830921e-01,-7.627276969666009487e-03,-2.817730317854733926e+02,-4.054587531667521034e+02,7.988434074158729636e+00,-1.875687621731283861e-10
3.507421875000000000e+05,2.694059865007754073e-01,3.878146360522409797e-01,-7.638450267850996345e-03,-2.821625556413194431e+02,-4.061779407537167117e+02,8.000136436128357786e+00,-1.875687634220662143e-10
3.516927083333333721e+05,2.697773089938106938e-01,3.885004584289681873e-01,-7.649606809755446490e-03,-2.825514605241053800e+02,-4.068962373181205407e+02,8.011821248395406769e+00,-1.875687646579526833e-10
3.526432291666666861e+05,2.701480425876345848e-01,3.891854327446986339e-01,-7.660746653267311301e-03,-2.829397486228744469e+02,-4.076136456652234301e+02,8.023488571588844209e+00,-1.875687658809566931e-10
3.535937500000000000e+05,2.705181893588164410e-01,3.898695616616563164e-01,-7.671869855904990543e-03,-2.833274221125236068e+02,-4.083301685833076817e+02,8.035138465950620201e+00,-1.875687670912452309e-10
3.545442708333333721e+05,2.708877513705445494e-01,3.905528478259969738e-01,-7.682976474820746304e-03,-2.837144831539337702e+02,-4.090458088438264213e+02,8.046770991339187162e+00,-1.875687682889823885e-10
3.554947916666666861e+05,2.712567306727455829e-01,3.912352938679479752e-01,-7.694066566803978158e-03,-2.841009338940978637e+02,-4.097605692015499130e+02,8.058386207232985043e+00,-1.875687694743296214e-10
3.564453125000000000e+05,2.716251293022089452e-01,3.919169024019455438e-01,-7.705140188284574643e-03,-2.844867764662480454e+02,-4.104744523947104540e+02,8.069984172733875027e+00,-1.875687706474462651e-10
3.573958333333333721e+05,2.719929492827037887e-01,3.925976760267730903e-01,-7.716197395336084341e-03,-2.848720129899806466e+02,-4.111874611451452779e+02,8.081564946570541252e+00,-1.875687718084887085e-10
3.583463541666666861e+05,2.723601926250982519e-01,3.932776173256951058e-01,-7.727238243678984098e-03,-2.852566455713806022e+02,-4.118995981584382093e+02,8.093128587101853455e+00,-1.875687729576113759e-10
3.592968750000000000e+05,2.727268613274782538e-01,3.939567288665908329e-01,-7.738262788683787641e-03,-2.856406763031433798e+02,-4.126108661240594984e+02,8.104675152320185205e+00,-1.875687740949658998e-10
3.602473958333333721e+05,2.730929573752596262e-01,3.946350132020863821e-01,-7.749271085374258294e-03,-2.860241072646963403e+02,-4.133212677155043480e+02,8.116204699854691285e+00,-1.875687752207021550e-10
3.611979166666666861e+05,2.734584827413044650e-01,3.953124728696861823e-01,-7.760263188430441272e-03,-2.864069405223181661e+02,-4.140308055904293951e+02,8.127717286974561972e+00,-1.875687763349670178e-10
3.621484375000000000e+05,2.738234393860332627e-01,3.959891103919004340e-01,-7.771239152191744548e-03,-2.867891781292569249e+02,-4.147394823907881687e+02,8.139212970592218710e+00,-1.875687774379060202e-10
3.630989583333333721e+05,2.741878292575377074e-01,3.966649282763752282e-01,-7.782199030659971151e-03,-2.871708221258472236e+02,-4.154473007429647282e+02,8.150691807266488453e+00,-1.875687785296619026e-10
3.640494791666666861e+05,2.745516542916885960e-01,3.973399290160162245e-01,-7.793142877502309829e-03,-2.875518745396253166e+02,-4.161542632579062229e+02,8.162153853205738940e+00,-1.875687796103751307e-10
3.650000000000000000e+05,2.749149164122479672e-01,3.980141150891152169e-01,-7.804070746054277141e-03,-2.879323373854436454e+02,-4.168603725312531765e+02,8.173599164270967776e+00,-1.875687806801842571e-10
