# N, dt, tmax
# 2, 1689.8148148148148, 365000
# t, xSun, ySun, zSun, xJup, yJup, zJup, E
0.000000000000000000e+00,-2.538538502120102781e-03,-4.054773079123795421e-03,7.363862678302768978e-05,2.658740144031779717e+00,4.246769529554976330e+00,-7.712546924771697399e-02,-2.712978880124756464e-08
1.697674418604651237e+03,1.642924966048989188e-02,2.500816893450049511e-03,-3.779669471628948067e-04,-1.720718656509797384e+01,-2.619232389792570448e+00,3.958639566427117895e-01,5.436884622849963047e-08
3.395348837209302474e+03,3.293537946617063755e-02,1.046462090174643533e-02,-7.803461797422410690e-04,-3.449489360610253641e+01,-1.096012830229310531e+01,8.172961381479080245e-01,5.203349062375723039e-08
5.093023255813954165e+03,4.887665238171701176e-02,1.825067871272697748e-02,-1.169349289850949531e-03,-5.119099737294799723e+01,-1.911486160593112515e+01,1.224718828067899334e+00,5.180827857500257797e-08
6.790697674418604947e+03,6.456692215541877389e-02,2.594305259772690386e-02,-1.552347447974266985e-03,-6.762421281686944496e+01,-2.717147498164717234e+01,1.625852227164368280e+00,5.175451913605575713e-08
8.488372093023255729e+03,8.011688510959467935e-02,3.357905494493372556e-02,-1.931972301541663066e-03,-8.391047781145034890e+01,-3.516904758631083894e+01,2.023452593284034151e+00,5.173552245301844656e-08
1.018604651162790833e+04,9.557727408589877793e-02,4.117751520501457263e-02,-2.309437133313374350e-03,-1.001029274352462579e+02,-4.312730045875488116e+01,2.418790659007084898e+00,5.172714782563230360e-08
1.188372093023255911e+04,1.109754891605281846e-01,4.874918928070050284e-02,-2.685399655556572774e-03,-1.162302591779639442e+02,-5.105749880151709164e+01,2.812555279754263005e+00,5.172288967382820286e-08
1.358139534883720989e+04,1.263280039963889378e-01,5.630078826047632545e-02,-3.060256317564793820e-03,-1.323097267424134884e+02,-5.896667147799655595e+01,3.205161676981110208e+00,5.172049708643995597e-08
1.527906976744186068e+04,1.416454973038509813e-01,6.383677916417282439e-02,-3.434264594104087347e-03,-1.483525144836571314e+02,-6.685949702465759970e+01,3.596879517070861176e+00,5.171904952889055575e-08
1.697674418604651146e+04,1.569352881180883230e-01,7.136028511945055608e-02,-3.807601210135879051e-03,-1.643662879985005247e+02,-7.473924645152396806e+01,3.987893893040228122e+00,5.171812235395774366e-08
1.867441860465116406e+04,1.722026129430474228e-01,7.887357553434629076e-02,-4.180392751019927459e-03,-1.803565317431554718e+02,-8.260829662475128998e+01,4.378337384157696910e+00,5.171750096419308178e-08
2.037209302325581666e+04,1.874513483509388789e-01,8.637835148235940841e-02,-4.552733014994822872e-03,-1.963273058483424336e+02,-9.046842916490476227e+01,4.768308230076584664e+00,5.171706886188830470e-08
2.206976744186046562e+04,2.026844449725918873e-01,9.387592101449679372e-02,-4.924693451253295967e-03,-2.122817006594035547e+02,-9.832101406015648593e+01,5.157881263160795982e+00,5.171675904230722950e-08
2.376744186046511822e+04,2.179042010252973949e-01,1.013673116902648746e-01,-5.296329747136668299e-03,-2.282221232158877058e+02,-1.061671275257018578e+02,5.547114807587709251e+00,5.171653108600458072e-08
2.546511627906976719e+04,2.331124417033926810e-01,1.088533455051558796e-01,-5.667686152956026222e-03,-2.441504851364097703e+02,-1.140076304791167559e+02,5.936055208952781825e+00,5.171635961556129903e-08
2.716279069767441979e+04,2.483106408256230413e-01,1.163346903515346253e-01,-6.038798417422388057e-03,-2.600683300261031263e+02,-1.218432224379545517e+02,6.324739908694465562e+00,5.171622814553839004e-08
2.886046511627907239e+04,2.635000057064835755e-01,1.238118963148735902e-01,-6.409695837279259789e-03,-2.759769223666812650e+02,-1.296744795346344290e+02,6.713199590778349268e+00,5.171612564757116199e-08
3.055813953488372135e+04,2.786815378400657739e-01,1.312854218711947130e-01,-6.780402723828961656e-03,-2.918773110737081424e+02,-1.375018819543509494e+02,7.101459717664577731e+00,5.171604455267142096e-08
3.225581395348837395e+04,2.938560772270360499e-01,1.387556531810459348e-01,-7.150939474823677158e-03,-3.077703759224919509e+02,-1.453258341426344202e+02,7.489541652953715101e+00,5.171597954785100522e-08
3.395348837209302292e+04,3.090243353679157923e-01,1.462229185546459476e-01,-7.521323372724477048e-03,-3.236568621036204831e+02,-1.531466799554309830e+02,7.877463497443916829e+00,5.171592682856340135e-08
3.565116279069767916e+04,3.241869202329878963e-01,1.536874994699602426e-01,-7.891569189131322770e-03,-3.395374063752112193e+02,-1.609647141988921817e+02,8.265240722181133037e+00,5.171588362149471897e-08
3.734883720930232812e+04,3.393443554430111142e-01,1.611496390850503391e-01,-8.261689649280546874e-03,-3.554125571518461584e+02,-1.687801915447903411e+02,8.652886654950876277e+00,5.171584787246045831e-08
3.904651162790697708e+04,3.544970952009792176e-01,1.686095488990933255e-01,-8.631695793788446425e-03,-3.712827901433605575e+02,-1.765933335069422014e+02,9.040412859150647407e+00,5.171581803780126019e-08
4.074418604651163332e+04,3.696455360571643811e-01,1.760674140253336295e-01,-9.001597263778769731e-03,-3.871485206769701790e+02,-1.844043339638387806e+02,9.427829432418404210e+00,5.171579294219728867e-08
4.244186046511628228e+04,3.847900262810429739e-01,1.835233974093554432e-01,-9.371402528086943129e-03,-4.030101135129640397e+02,-1.922133635766560644e+02,9.815145244595088414e+00,5.171577168001770498e-08
4.413953488372093125e+04,3.999308734017485989e-01,1.909776432362071952e-01,-9.741119066118596181e-03,-4.188678907422036559e+02,-2.000205733577092246e+02,1.020236812924160930e+01,5.171575354575991985e-08
4.583720930232558021e+04,4.150683503306362709e-01,1.984302797067134527e-01,-1.011075351636470804e-02,-4.347221381985947914e+02,-2.078260975782250455e+02,1.058950503918632080e+01,5.171573798426971196e-08
4.753488372093023645e+04,4.302027003744838263e-01,2.058814213181893726e-01,-1.048031179803789528e-02,-4.505731107096679011e+02,-2.156300561570495802e+02,1.097656217392085942e+01,5.171572455463041351e-08
4.923255813953488541e+04,4.453341413722405884e-01,2.133311707521122480e-01,-1.084979921146680265e-02,-4.664210364292048894e+02,-2.234325566377027883e+02,1.136354508474827263e+01,5.171571290363782201e-08
5.093023255813953438e+04,4.604628691330893142e-01,2.207796204473638779e-01,-1.121922052155234321e-02,-4.822661204380956406e+02,-2.312336958361146344e+02,1.175045876219099839e+01,5.171570274608965755e-08
5.262790697674419062e+04,4.755890603128792860e-01,2.282268539198965829e-01,-1.158858002760508252e-02,-4.981085477569719728e+02,-2.390335612227784168e+02,1.213730770913508117e+01,5.171569384998092242e-08
5.432558139534883958e+04,4.907128748355996661e-01,2.356729468763609503e-01,-1.195788162214777434e-02,-5.139484858823402647e+02,-2.468322320891095956e+02,1.252409600241704801e+01,5.171568602527268100e-08
5.602325581395348854e+04,5.058344579436462318e-01,2.431179681591473796e-01,-1.232712884071239870e-02,-5.297860869339291412e+02,-2.546297805372358312e+02,1.291082734497889462e+01,5.171567911529208793e-08
5.772093023255814478e+04,5.209539419431690188e-01,2.505619805525812760e-01,-1.269632490423842734e-02,-5.456214894826811133e+02,-2.624262723243658684e+02,1.329750511027391191e+01,5.171567299008977042e-08
5.941860465116279374e+04,5.360714476973771347e-01,2.580050414740636677e-01,-1.306547275535404132e-02,-5.614548201147657664e+02,-2.702217675866564264e+02,1.368413238026586143e+01,5.171566754126714365e-08
6.111627906976744271e+04,5.511870859102707687e-01,2.654472035693241083e-01,-1.343457508957024080e-02,-5.772861947760981138e+02,-2.780163214626505805e+02,1.407071197810014951e+01,5.171566267791758770e-08
6.281395348837209895e+04,5.663009582351505866e-01,2.728885152273251569e-01,-1.380363438222083697e-02,-5.931157199333367771e+02,-2.858099846325633848e+02,1.445724649631944025e+01,5.171565832341850216e-08
6.451162790697674791e+04,5.814131582358562644e-01,2.803290210274973493e-01,-1.417265291182638956e-02,-6.089434935806367548e+02,-2.936028037866938121e+02,1.484373832133389470e+01,5.171565441287879220e-08
6.620930232558140415e+04,5.965237722236138573e-01,2.877687621297081444e-01,-1.454163278043725180e-02,-6.247696061161238958e+02,-3.013948220338588726e+02,1.523018965472748221e+01,5.171565089109479278e-08
6.790697674418604583e+04,6.116328799883347100e-01,2.952077766155477567e-01,-1.491057593141285886e-02,-6.405941411078192687e+02,-3.091860792588398681e+02,1.561660253187911707e+01,5.171564771090342486e-08
6.960465116279070207e+04,6.267405554399504419e-01,3.026460997880506820e-01,-1.527948416501563253e-02,-6.564171759653436311e+02,-3.169766124362956248e+02,1.600297883829494694e+01,5.171564483184780744e-08
7.130232558139535831e+04,6.418468671727559638e-01,3.100837644357854472e-01,-1.564835915213421552e-02,-6.722387825309816662e+02,-3.247664559073571127e+02,1.638932032398141558e+01,5.171564221909016363e-08
7.300000000000000000e+04,6.569518789635949707e-01,3.175208010662796121e-01,-1.601720244639923824e-02,-6.880590276014568190e+02,-3.325556416241054762e+02,1.677562861613469281e+01,5.171563984252166837e-08
7.469767441860465624e+04,6.720556502129853005e-01,3.249572381129579579e-01,-1.638601549491239262e-02,-7.038779733899448274e+02,-3.403441993663088283e+02,1.716190523037777282e+01,5.171563767602983777e-08
7.639534883720931248e+04,6.871582363368561319e-01,3.323931021191218194e-01,-1.675479964777513292e-02,-7.196956779363589476e+02,-3.481321569341130839e+02,1.754815158074040582e+01,5.171563569689286743e-08
7.809302325581395417e+04,7.022596891153876086e-01,3.398284179019607221e-01,-1.712355616657472782e-02,-7.355121954727088678e+02,-3.559195403198198164e+02,1.793436898854693595e+01,5.171563388527675297e-08
7.979069767441861040e+04,7.173600570044740277e-01,3.472632086991435107e-01,-1.749228623196166788e-02,-7.513275767493104240e+02,-3.637063738614182853e+02,1.832055869035250595e+01,5.171563222381583667e-08
8.148837209302326664e+04,7.324593854145151628e-01,3.546974963001627845e-01,-1.786099095043277435e-02,-7.671418693267788740e+02,-3.714926803801492952e+02,1.870672184504736180e+01,5.171563069726157332e-08
8.318604651162790833e+04,7.475577169605673866e-01,3.621313011642985913e-01,-1.822967136041791364e-02,-7.829551178380245346e+02,-3.792784813040548784e+02,1.909285954023179599e+01,5.171562929218735252e-08
8.488372093023256457e+04,7.626550916873144903e-01,3.695646425268049318e-01,-1.859832843775450356e-02,-7.987673642238760294e+02,-3.870637967791922165e+02,1.947897279794981884e+01,5.171562799673938492e-08
8.658139534883720626e+04,7.777515472718412592e-01,3.769975384947026886e-01,-1.896696310062211815e-02,-8.145786479454554865e+02,-3.948486457699627294e+02,1.986506257985747581e+01,5.171562680042580427e-08
8.827906976744186250e+04,7.928471192067882978e-01,3.844300061333768004e-01,-1.933557621400001231e-02,-8.303890061760056369e+02,-4.026330461498097293e+02,2.025112979189142237e+01,5.171562569393750011e-08
8.997674418604651873e+04,8.079418409661236478e-01,3.918620615450177924e-01,-1.970416859370183876e-02,-8.461984739745113302e+02,-4.104170147833742135e+02,2.063717528849468152e+01,5.171562466899542021e-08
9.167441860465116042e+04,8.230357441554737585e-01,3.992937199398123305e-01,-2.007274101003480096e-02,-8.620070844431485284e+02,-4.182005676010561501e+02,2.102319987644906618e+01,5.171562371821989590e-08
9.337209302325581666e+04,8.381288586487114500e-01,4.067249957006728311e-01,-2.044129419112443793e-02,-8.778148688703394100e+02,-4.259837196668093497e+02,2.140920431835737858e+01,5.171562283501872783e-08
9.506976744186047290e+04,8.532212127122780210e-01,4.141559024421976321e-01,-2.080982882594108879e-02,-8.936218568609621116e+02,-4.337664852398932567e+02,2.179518933581320184e+01,5.171562201349072347e-08
9.676744186046511459e+04,8.683128331185427928e-01,4.215864530644682917e-01,-2.117834556705954635e-02,-9.094280764550768481e+02,-4.415488778312176237e+02,2.218115561229123145e+01,5.171562124834279380e-08
9.846511627906977083e+04,8.834037452493366249e-01,4.290166598022169264e-01,-2.154684503317974564e-02,-9.252335542363626928e+02,-4.493309102548381588e+02,2.256710379578728976e+01,5.171562053481791576e-08
1.001627906976744271e+05,8.984939731906671501e-01,4.364465342698344297e-01,-2.191532781143279429e-02,-9.410383154313169598e+02,-4.571125946750955222e+02,2.295303450123356370e+01,5.171561986863288197e-08
1.018604651162790688e+05,9.135835398195002455e-01,4.438760875026344088e-01,-2.228379445949398713e-02,-9.568423840001468079e+02,-4.648939426498333773e+02,2.333894831271168613e+01,5.171561924592409059e-08
1.035581395348837250e+05,9.286724668833939988e-01,4.513053299947406560e-01,-2.265224550752188010e-02,-9.726457827201729742e+02,-4.726749651700799859e+02,2.372484578548359124e+01,5.171561866320042916e-08
1.052558139534883812e+05,9.437607750736796142e-01,4.587342717339249476e-01,-2.302068145994026760e-02,-9.884485332624761895e+02,-4.804556726965353732e+02,2.411072744785792921e+01,5.171561811730191554e-08
1.069534883720930229e+05,9.588484840928070962e-01,4.661629222336848288e-01,-2.338910279707824558e-02,-1.004250656262431562e+03,-4.882360751931680056e+02,2.449659380290770372e+01,5.171561760536371226e-08
1.086511627906976792e+05,9.739356127164040533e-01,4.735912905628192893e-01,-2.375750997668148179e-02,-1.020052171384706639e+03,-4.960161821581911568e+02,2.488244533005318715e+01,5.171561712478440245e-08
1.103488372093023354e+05,9.890221788505417777e-01,4.810193853727340318e-01,-2.412590343530690573e-02,-1.035853097383238037e+03,-5.037960026526608885e+02,2.526828248652259035e+01,5.171561667319818339e-08
1.120465116279069771e+05,1.004108199584642813e+00,4.884472149226816717e-01,-2.449428358961124041e-02,-1.051653452156644789e+03,-5.115755453269113673e+02,2.565410570870164619e+01,5.171561624845026944e-08
1.137441860465116333e+05,1.019193691240421362e+00,4.958747871031217724e-01,-2.486265083754306965e-02,-1.067453252799486336e+03,-5.193548184450212375e+02,2.603991541338207583e+01,5.171561584857533902e-08
1.154418604651162896e+05,1.034278669417214580e+00,5.033021094573659759e-01,-2.523100555944688198e-02,-1.083252515649739507e+03,-5.271338299074833458e+02,2.642571199891796496e+01,5.171561547177827124e-08
1.171395348837209312e+05,1.049363149034010734e+00,5.107291892016583290e-01,-2.559934811908685937e-02,-1.099051256332817502e+03,-5.349125872722362374e+02,2.681149584629799065e+01,5.171561511641729786e-08
1.188372093023255875e+05,1.064447144368466436e+00,5.181560332438228667e-01,-2.596767886459724894e-02,-1.114849489802434391e+03,-5.426910977741941906e+02,2.719726732014081705e+01,5.171561478098886923e-08
1.205348837209302437e+05,1.079530669093164086e+00,5.255826482006009659e-01,-2.633599812936561826e-02,-1.130647230378579707e+03,-5.504693683434063587e+02,2.758302676962014743e+01,5.171561446411426718e-08
1.222325581395348854e+05,1.094613736309342666e+00,5.330090404137870497e-01,-2.670430623285451055e-02,-1.146444491782845262e+03,-5.582474056219557497e+02,2.796877452932531227e+01,5.171561416452766714e-08
1.239302325581395417e+05,1.109696358578309283e+00,5.404352159652606735e-01,-2.707260348136669714e-02,-1.162241287171324984e+03,-5.660252159797030345e+02,2.835451092006273299e+01,5.171561388106554363e-08
1.256279069767441979e+05,1.124778547950718632e+00,5.478611806910047566e-01,-2.744089016875848885e-02,-1.178037629165281032e+03,-5.738028055289695430e+02,2.874023624960304346e+01,5.171561361265709479e-08
1.273255813953488396e+05,1.139860315993896922e+00,5.552869401941916694e-01,-2.780916657710542222e-02,-1.193833529879761045e+03,-5.815801801382415306e+02,2.912595081337824965e+01,5.171561335831576548e-08
1.290232558139534958e+05,1.154941673817359016e+00,5.627124998574087877e-01,-2.817743297732393237e-02,-1.209629000950323189e+03,-5.893573454449762039e+02,2.951165489513288875e+01,5.171561311713161070e-08
1.307209302325581521e+05,1.170022632096664239e+00,5.701378648540929017e-01,-2.854568962975261026e-02,-1.225424053558022251e+03,-5.971343068675760151e+02,2.989734876753276893e+01,5.171561288826440023e-08
1.324186046511628083e+05,1.185103201095736747e+00,5.775630401592320995e-01,-2.891393678469603504e-02,-1.241218698452787294e+03,-6.049110696165986383e+02,3.028303269273456522e+01,5.171561267093754382e-08
1.341162790697674500e+05,1.200183390687770135e+00,5.849880305593919694e-01,-2.928217468293410619e-02,-1.257012945975314096e+03,-6.126876387052567452e+02,3.066870692291928790e+01,5.171561246443246638e-08
1.358139534883720917e+05,1.215263210374819991e+00,5.924128406621161913e-01,-2.965040355619946721e-02,-1.272806806077587908e+03,-6.204640189592645356e+02,3.105437170079228792e+01,5.171561226808363162e-08
1.375116279069767625e+05,1.230342669306183190e+00,5.998374749047472587e-01,-3.001862362762535569e-02,-1.288600288342130852e+03,-6.282402150260762710e+02,3.144002726005232162e+01,5.171561208127404881e-08
1.392093023255814041e+05,1.245421776295652760e+00,6.072619375627119620e-01,-3.038683511216606903e-02,-1.304393402000076321e+03,-6.360162313835628538e+02,3.182567382583193094e+01,5.171561190343122297e-08
1.409069767441860458e+05,1.260500539837732914e+00,6.146862327573068274e-01,-3.075503821699204082e-02,-1.320186155948148780e+03,-6.437920723481676077e+02,3.221131161511122087e+01,5.171561173402330341e-08
1.426046511627907166e+05,1.275578968122880186e+00,6.221103644630222584e-01,-3.112323314186137002e-02,-1.335978558764629042e+03,-6.515677420825754780e+02,3.259694083710697754e+01,5.171561157255595377e-08
1.443023255813953583e+05,1.290657069051851957e+00,6.295343365144356884e-01,-3.149142007946936772e-02,-1.351770618724381393e+03,-6.593432446029344192e+02,3.298256169363877888e+01,5.171561141856916899e-08
1.460000000000000000e+05,1.305734850249213874e+00,6.369581526127058302e-01,-3.185959921577778686e-02,-1.367562343812999643e+03,-6.671185837856553462e+02,3.336817437947379972e+01,5.171561127163455554e-08
1.476976744186046708e+05,1.320812319076070329e+00,6.443818163316931136e-01,-3.222777073032509487e-02,-1.383353741740142368e+03,-6.748937633738237309e+02,3.375377908265178206e+01,5.171561113135288296e-08
1.493953488372093125e+05,1.335889482642069526e+00,6.518053311237337333e-01,-3.259593479651898967e-02,-1.399144819952103944e+03,-6.826687869832462638e+02,3.413937598479141400e+01,5.171561099735167513e-08
1.510930232558139542e+05,1.350966347816731528e+00,6.592287003250898447e-01,-3.296409158191259542e-02,-1.414935585643682316e+03,-6.904436581081597524e+02,3.452496526137956323e+01,5.171561086928326474e-08
1.527906976744186250e+05,1.366042921240147479e+00,6.666519271610974462e-01,-3.333224124846505265e-02,-1.430726045769381244e+03,-6.982183801266221508e+02,3.491054708204428181e+01,5.171561074682280803e-08
1.544883720930232666e+05,1.381119209333086184e+00,6.740750147510320422e-01,-3.370038395278802945e-02,-1.446516207053997277e+03,-7.059929563056085726e+02,3.529612161081288235e+01,5.171561062966659075e-08
1.561860465116279083e+05,1.396195218306552022e+00,6.814979661127094079e-01,-3.406851984637858377e-02,-1.462306076002631244e+03,-7.137673898058311579e+02,3.568168900635593133e+01,5.171561051753038702e-08
1.578837209302325791e+05,1.411270954170828595e+00,6.889207841668415488e-01,-3.443664907583954271e-02,-1.478095658910156544e+03,-7.215416836862991659e+02,3.606724942221801911e+01,5.171561041014814248e-08
1.595813953488372208e+05,1.426346422744035669e+00,6.963434717411588482e-01,-3.480477178308823832e-02,-1.493884961870186999e+03,-7.293158409086385063e+02,3.645280300703635135e+01,5.171561030727046547e-08
1.612790697674418625e+05,1.441421629660241788e+00,7.037660315743177186e-01,-3.517288810555405099e-02,-1.509673990783566978e+03,-7.370898643411825333e+02,3.683834990474769455e+01,5.171561020866354843e-08
1.629767441860465333e+05,1.456496580377146355e+00,7.111884663196033074e-01,-3.554099817636581504e-02,-1.525462751366422253e+03,-7.448637567628519491e+02,3.722389025478462798e+01,5.171561011410800321e-08
1.646744186046511750e+05,1.471571280183368469e+00,7.186107785484437960e-01,-3.590910212452941980e-02,-1.541251249157792245e+03,-7.526375208668333698e+02,3.760942419226157085e+01,5.171561002339779567e-08
1.663720930232558167e+05,1.486645734205362501e+00,7.260329707537437338e-01,-3.627720007509641076e-02,-1.557039489526872558e+03,-7.604111592640724666e+02,3.799495184815133086e+01,5.171560993633937216e-08
1.680697674418604583e+05,1.501719947413983958e+00,7.334550453530502834e-01,-3.664529214932399359e-02,-1.572827477679892127e+03,-7.681846744865889605e+02,3.838047334945275679e+01,5.171560985275077279e-08
1.697674418604651291e+05,1.516793924630724710e+00,7.408770046915611474e-01,-3.701337846482709998e-02,-1.588615218666643614e+03,-7.759580689906274529e+02,3.876598881934990715e+01,5.171560977246076456e-08
1.714651162790697708e+05,1.531867670533639370e+00,7.482988510449846142e-01,-3.738145913572282764e-02,-1.604402717386691847e+03,-7.837313451596526193e+02,3.915149837736343130e+01,5.171560969530816638e-08
1.731627906976744125e+05,1.546941189662982996e+00,7.557205866222582724e-01,-3.774953427276785123e-02,-1.620189978595275306e+03,-7.915045053071966095e+02,3.953700213949439757e+01,5.171560962114120051e-08
1.748604651162790833e+05,1.562014486426570592e+00,7.631422135681366070e-01,-3.811760398348912338e-02,-1.635977006908922931e+03,-7.992775516795701378e+02,3.992250021836123608e+01,5.171560954981679118e-08
1.765581395348837250e+05,1.577087565104881683e+00,7.705637339656558060e-01,-3.848566837230828208e-02,-1.651763806810797860e+03,-8.070504864584420375e+02,4.030799272333003103e+01,5.171560948120000870e-08
1.782558139534883667e+05,1.592160429855918657e+00,7.779851498384785513e-01,-3.885372754066010459e-02,-1.667550382655786962e+03,-8.148233117632973972e+02,4.069347976063856720e+01,5.171560941516351357e-08
1.799534883720930375e+05,1.607233084719838834e+00,7.854064631531312290e-01,-3.922178158710540319e-02,-1.683336738675351626e+03,-8.225960296537786007e+02,4.107896143351459983e+01,5.171560935158717270e-08
1.816511627906976792e+05,1.622305533623364493e+00,7.928276758211343367e-01,-3.958983060743864746e-02,-1.699122878982147540e+03,-8.303686421319183637e+02,4.146443784228851115e+01,5.171560929035743073e-08
1.833488372093023208e+05,1.637377780383994619e+00,8.002487897010368556e-01,-3.995787469479049336e-02,-1.714908807574434832e+03,-8.381411511442693154e+02,4.184990908450077285e+01,5.171560923136694608e-08
1.850465116279069916e+05,1.652449828714016800e+00,8.076698066003552556e-01,-4.032591393972573962e-02,-1.730694528340281067e+03,-8.459135585839350142e+02,4.223537525500449874e+01,5.171560917451427995e-08
1.867441860465116333e+05,1.667521682224343049e+00,8.150907282774263463e-01,-4.069394843033673215e-02,-1.746480045061576902e+03,-8.536858662925108092e+02,4.262083644606325095e+01,5.171560911970345291e-08
1.884418604651162750e+05,1.682593344428165549e+00,8.225115564431749737e-01,-4.106197825233257048e-02,-1.762265361417867325e+03,-8.614580760619351167e+02,4.300629274744453312e+01,5.171560906684357436e-08
1.901395348837209458e+05,1.697664818744453852e+00,8.299322927628050017e-01,-4.143000348912433822e-02,-1.778050480990012147e+03,-8.692301896362604339e+02,4.339174424650900619e+01,5.171560901584859105e-08
1.918372093023255875e+05,1.712736108501295096e+00,8.373529388574136867e-01,-4.179802422190658645e-02,-1.793835407263686875e+03,-8.770022087133439754e+02,4.377719102829583875e+01,5.171560896663694958e-08
1.935348837209302292e+05,1.727807216939089674e+00,8.447734963055363311e-01,-4.216604052973516037e-02,-1.809620143632725330e+03,-8.847741349464662335e+02,4.416263317560422763e+01,5.171560891913138466e-08
1.952325581395349000e+05,1.742878147213601903e+00,8.521939666446245454e-01,-4.253405248960170221e-02,-1.825404693402321072e+03,-8.925459699458776868e+02,4.454807076907142260e+01,5.171560887325852869e-08
1.969302325581395417e+05,1.757948902398886792e+00,8.596143513724588958e-01,-4.290206017650493447e-02,-1.841189059792087164e+03,-9.003177152802803676e+02,4.493350388724739020e+01,5.171560882894885218e-08
1.986279069767441833e+05,1.773019485490085367e+00,8.670346519485035985e-01,-4.327006366351882072e-02,-1.856973245938986793e+03,-9.080893724782450818e+02,4.531893260666620193e+01,5.171560878613631963e-08
2.003255813953488541e+05,1.788089899406104077e+00,8.744548697952020389e-01,-4.363806302185796460e-02,-1.872757254900139742e+03,-9.158609430295689435e+02,4.570435700191452355e+01,5.171560874475819105e-08
2.020232558139534958e+05,1.803160146992182966e+00,8.818750062992196659e-01,-4.400605832094012237e-02,-1.888541089655508586e+03,-9.236324283865768621e+02,4.608977714569709150e+01,5.171560870475490283e-08
2.037209302325581375e+05,1.818230231022351262e+00,8.892950628126329304e-01,-4.437404962844618272e-02,-1.904324753110475967e+03,-9.314038299653672084e+02,4.647519310889952493e+01,5.171560866606980964e-08
2.054186046511628083e+05,1.833300154201786825e+00,8.967150406540717045e-01,-4.474203701037764852e-02,-1.920108248098311378e+03,-9.391751491470080282e+02,4.686060496064857261e+01,5.171560862864903223e-08
2.071162790697674500e+05,1.848369919169076780e+00,9.041349411098132949e-01,-4.511002053111178023e-02,-1.935891577382541527e+03,-9.469463872786825505e+02,4.724601276836977348e+01,5.171560859244133173e-08
2.088139534883720917e+05,1.863439528498384679e+00,9.115547654348322704e-01,-4.547800025345442865e-02,-1.951674743659218393e+03,-9.547175456747896760e+02,4.763141659784290738e+01,5.171560855739793096e-08
2.105116279069767625e+05,1.878508984701534157e+00,9.189745148538090991e-01,-4.584597623869084149e-02,-1.967457749559101103e+03,-9.624886256179988777e+02,4.801681651325510103e+01,5.171560852347241515e-08
2.122093023255814041e+05,1.893578290230002459e+00,9.263941905620965978e-01,-4.621394854663428420e-02,-1.983240597649747315e+03,-9.702596283602641734e+02,4.840221257725183790e+01,5.171560849062051361e-08
2.139069767441860458e+05,1.908647447476840897e+00,9.338137937266501876e-01,-4.658191723567291220e-02,-1.999023290437521155e+03,-9.780305551237970576e+02,4.878760485098599986e+01,5.171560845880011291e-08
2.156046511627907166e+05,1.923716458778518490e+00,9.412333254869196253e-01,-4.694988236281466554e-02,-2.014805830369524983e+03,-9.858014071020011215e+02,4.917299339416486248e+01,5.171560842797102530e-08
2.173023255813953583e+05,1.938785326416690991e+00,9.486527869557080939e-01,-4.731784398373041489e-02,-2.030588219835451810e+03,-9.935721854603715428e+02,4.955837826509537791e+01,5.171560839809493579e-08
2.190000000000000000e+05,1.953854052619901971e+00,9.560721792199957658e-01,-4.768580215279547008e-02,-2.046370461169369037e+03,-1.001342891337357742e+03,4.994375952072757485e+01,5.171560836913530284e-08
2.206976744186046708e+05,1.968922639565219290e+00,9.634915033417336128e-01,-4.805375692312953417e-02,-2.062152556651430586e+03,-1.009113525845194886e+03,5.032913721669638107e+01,5.171560834105722605e-08
2.223953488372093125e+05,1.983991089379810946e+00,9.709107603586055735e-01,-4.842170834663500623e-02,-2.077934508509526495e+03,-1.016884090070702086e+03,5.071451140736184016e+01,5.171560831382741966e-08
2.240930232558139542e+05,1.999059404142455865e+00,9.783299512847635215e-01,-4.878965647403396555e-02,-2.093716318920868162e+03,-1.024654585076051717e+03,5.109988214584773658e+01,5.171560828741409349e-08
2.257906976744186250e+05,2.014127585885002958e+00,9.857490771115321460e-01,-4.915760135490362948e-02,-2.109497990013514027e+03,-1.032425011899508945e+03,5.148524948407884239e+01,5.171560826178684697e-08
2.274883720930232666e+05,2.029195636593772445e+00,9.931681388080909612e-01,-4.952554303771067312e-02,-2.125279523867837725e+03,-1.040195371556144437e+03,5.187061347281671431e+01,5.171560823691665600e-08
2.291860465116279083e+05,2.044263558210908105e+00,1.000587137322127562e+00,-4.989348156984402261e-02,-2.141060922517944164e+03,-1.047965665038519091e+03,5.225597416169421905e+01,5.171560821277578687e-08
2.308837209302325791e+05,2.059331352635675128e+00,1.008006073580469675e+00,-5.026141699764669069e-02,-2.156842187953031498e+03,-1.055735893317346836e+03,5.264133159924872984e+01,5.171560818933765730e-08
2.325813953488372208e+05,2.074399021725716441e+00,1.015424948489692447e+00,-5.062934936644628708e-02,-2.172623322118702617e+03,-1.063506057342129907e+03,5.302668583295414351e+01,5.171560816657688277e-08
2.342790697674418625e+05,2.089466567298257527e+00,1.022843762936704204e+00,-5.099727872058450184e-02,-2.188404326918231163e+03,-1.071276158041772987e+03,5.341203690925177483e+01,5.171560814446917727e-08
2.359767441860465333e+05,2.104533991131274817e+00,1.030262517789313215e+00,-5.136520510344547152e-02,-2.204185204213779798e+03,-1.079046196325174378e+03,5.379738487358002175e+01,5.171560812299128046e-08
2.376744186046511750e+05,2.119601294964613913e+00,1.037681213896768817e+00,-5.173312855748318784e-02,-2.219965955827578455e+03,-1.086816173081797160e+03,5.418272977040311389e+01,5.171560810212089818e-08
2.393720930232558167e+05,2.134668480501074050e+00,1.045099852090291659e+00,-5.210104912424788626e-02,-2.235746583543055294e+03,-1.094586089182219666e+03,5.456807164323871007e+01,5.171560808183672888e-08
2.410697674418604875e+05,2.149735549407454371e+00,1.052518433183575519e+00,-5.246896684441153258e-02,-2.251527089105933555e+03,-1.102355945478665944e+03,5.495341053468462889e+01,5.171560806211831141e-08
2.427674418604651291e+05,2.164802503315558901e+00,1.059936957973280913e+00,-5.283688175779242824e-02,-2.267307474225284295e+03,-1.110125742805518485e+03,5.533874648644458460e+01,5.171560804294604490e-08
2.444651162790697708e+05,2.179869343823173100e+00,1.067355427239504717e+00,-5.320479390337887193e-02,-2.283087740574548661e+03,-1.117895481979812303e+03,5.572407953935302061e+01,5.171560802430116890e-08
2.461627906976744416e+05,2.194936072494999557e+00,1.074773841746238245e+00,-5.357270331935216900e-02,-2.298867889792519691e+03,-1.125665163801713788e+03,5.610940973339914706e+01,5.171560800616565749e-08
2.478604651162790833e+05,2.210002690863568375e+00,1.082192202241805790e+00,-5.394061004310869711e-02,-2.314647923484293187e+03,-1.133434789054981593e+03,5.649473710775007618e+01,5.171560798852222590e-08
2.495581395348837250e+05,2.225069200430111138e+00,1.089610509459291610e+00,-5.430851411128126416e-02,-2.330427843222186311e+03,-1.141204358507411825e+03,5.688006170077322565e+01,5.171560797135430404e-08
2.512558139534883958e+05,2.240135602665407788e+00,1.097028764116950050e+00,-5.467641555975984169e-02,-2.346207650546621153e+03,-1.148973872911268700e+03,5.726538355005796888e+01,5.171560795464596374e-08
2.529534883720930375e+05,2.255201899010609079e+00,1.104446966918604112e+00,-5.504431442371142402e-02,-2.361987346966986479e+03,-1.156743333003701537e+03,5.765070269243648227e+01,5.171560793838194515e-08
2.546511627906976792e+05,2.270268090878019507e+00,1.111865118554028475e+00,-5.541221073759938776e-02,-2.377766933962462190e+03,-1.164512739507146534e+03,5.803601916400400995e+01,5.171560792254755094e-08
2.563488372093023499e+05,2.285334179651869135e+00,1.119283219699321430e+00,-5.578010453520210188e-02,-2.393546412982822403e+03,-1.172282093129715804e+03,5.842133300013836106e+01,5.171560790712871241e-08
2.580465116279069916e+05,2.300400166689050341e+00,1.126701271017264361e+00,-5.614799584963099666e-02,-2.409325785449209434e+03,-1.180051394565574128e+03,5.880664423551879594e+01,5.171560789211186381e-08
2.597441860465116333e+05,2.315466053319833239e+00,1.134119273157669250e+00,-5.651588471334798025e-02,-2.425105052754881399e+03,-1.187820644495301849e+03,5.919195290414435107e+01,5.171560787748398201e-08
2.614418604651163041e+05,2.330531840848556691e+00,1.141537226757714407e+00,-5.688377115818237656e-02,-2.440884216265939813e+03,-1.195589843586248662e+03,5.957725903935145340e+01,5.171560786323256665e-08
2.631395348837209167e+05,2.345597530554300203e+00,1.148955132442270211e+00,-5.725165521534718305e-02,-2.456663277322029444e+03,-1.203358992492873085e+03,5.996256267383108707e+01,5.171560784934556735e-08
2.648372093023256166e+05,2.360663123691531862e+00,1.156372990824215075e+00,-5.761953691545494000e-02,-2.472442237237017707e+03,-1.211128091857073514e+03,6.034786383964530643e+01,5.171560783581143008e-08
2.665348837209302583e+05,2.375728621490733161e+00,1.163790802504738542e+00,-5.798741628853303770e-02,-2.488221097299650410e+03,-1.218897142308506318e+03,6.073316256824331560e+01,5.171560782261901104e-08
2.682325581395349000e+05,2.390794025159010516e+00,1.171208568073638601e+00,-5.835529336403848244e-02,-2.503999858774191580e+03,-1.226666144464896661e+03,6.111845889047694413e+01,5.171560780975755689e-08
2.699302325581395417e+05,2.405859335880680572e+00,1.178626288109606346e+00,-5.872316817087230856e-02,-2.519778522901036467e+03,-1.234435098932337496e+03,6.150375283661571757e+01,5.171560779721680397e-08
2.716279069767441833e+05,2.420924554817843521e+00,1.186043963180504202e+00,-5.909104073739353258e-02,-2.535557090897310445e+03,-1.242204006305579469e+03,6.188904443636143071e+01,5.171560778498678641e-08
2.733255813953488250e+05,2.435989683110932003e+00,1.193461593843633706e+00,-5.945891109143246200e-02,-2.551335563957448358e+03,-1.249972867168313314e+03,6.227433371886221636e+01,5.171560777305793539e-08
2.750232558139535249e+05,2.451054721879249776e+00,1.200879180645996192e+00,-5.982677926030392085e-02,-2.567113943253752041e+03,-1.257741682093440659e+03,6.265962071272628009e+01,5.171560776142104604e-08
2.767209302325581666e+05,2.466119672221488202e+00,1.208296724124545252e+00,-6.019464527081985761e-02,-2.582892229936937383e+03,-1.265510451643340730e+03,6.304490544603510926e+01,5.171560775006721789e-08
2.784186046511628083e+05,2.481184535216231168e+00,1.215714224806431210e+00,-6.056250914930158546e-02,-2.598670425136659560e+03,-1.273279176370124560e+03,6.343018794635634805e+01,5.171560773898794091e-08
2.801162790697674500e+05,2.496249311922440928e+00,1.223131683209238485e+00,-6.093037092159167556e-02,-2.614448529962024168e+03,-1.281047856815884643e+03,6.381546824075628166e+01,5.171560772817491021e-08
2.818139534883720917e+05,2.511314003379934157e+00,1.230549099841214744e+00,-6.129823061306562126e-02,-2.630226545502083354e+03,-1.288816493512934812e+03,6.420074635581187295e+01,5.171560771762020471e-08
2.835116279069767334e+05,2.526378610609836706e+00,1.237966475201496497e+00,-6.166608824864281552e-02,-2.646004472826314668e+03,-1.296585086984045347e+03,6.458602231762252188e+01,5.171560770731615479e-08
2.852093023255814333e+05,2.541443134615033461e+00,1.245383809780323148e+00,-6.203394385279762530e-02,-2.661782312985089447e+03,-1.304353637742669207e+03,6.497129615182147688e+01,5.171560769725534890e-08
2.869069767441860749e+05,2.556507576380597335e+00,1.252801104059248383e+00,-6.240179744956981384e-02,-2.677560067010124840e+03,-1.312122146293162132e+03,6.535656788358677716e+01,5.171560768743066007e-08
2.886046511627907166e+05,2.571571936874208930e+00,1.260218358511344006e+00,-6.276964906257480326e-02,-2.693337735914922632e+03,-1.319890613130996599e+03,6.574183753765206006e+01,5.171560767783520614e-08
2.903023255813953583e+05,2.586636217046565989e+00,1.267635573601398669e+00,-6.313749871501359023e-02,-2.709115320695195805e+03,-1.327659038742968505e+03,6.612710513831692083e+01,5.171560766846232998e-08
2.920000000000000000e+05,2.601700417831774192e+00,1.275052749786109274e+00,-6.350534642968246046e-02,-2.724892822329281444e+03,-1.335427423607399760e+03,6.651237070945700225e+01,5.171560765930560603e-08
2.936976744186046417e+05,2.616764540147737073e+00,1.282469887514267493e+00,-6.387319222898216187e-02,-2.740670241778545460e+03,-1.343195768194333141e+03,6.689763427453384281e+01,5.171560765035886023e-08
2.953953488372093416e+05,2.631828584896522827e+00,1.289886987226942061e+00,-6.424103613492729292e-02,-2.756447579987770041e+03,-1.350964072965722607e+03,6.728289585660436956e+01,5.171560764161609717e-08
2.970930232558139833e+05,2.646892552964730694e+00,1.297304049357655531e+00,-6.460887816915482362e-02,-2.772224837885535635e+03,-1.358732338375617246e+03,6.766815547833013511e+01,5.171560763307153320e-08
2.987906976744186250e+05,2.661956445223839118e+00,1.304721074332553687e+00,-6.497671835293292175e-02,-2.788002016384586568e+03,-1.366500564870341805e+03,6.805341316198634161e+01,5.171560762471957658e-08
3.004883720930232666e+05,2.677020262530552142e+00,1.312138062570573194e+00,-6.534455670716919629e-02,-2.803779116382191205e+03,-1.374268752888670178e+03,6.843866892947055192e+01,5.171560761655484072e-08
3.021860465116279083e+05,2.692084005727128027e+00,1.319555014483603683e+00,-6.571239325241873264e-02,-2.819556138760489375e+03,-1.382036902861994577e+03,6.882392280231123038e+01,5.171560760857209120e-08
3.038837209302325500e+05,2.707147675641702111e+00,1.326971930476643857e+00,-6.608022800889214177e-02,-2.835333084386830706e+03,-1.389805015214491050e+03,6.920917480167589986e+01,5.171560760076629878e-08
3.055813953488372499e+05,2.722211273088604777e+00,1.334388810947954473e+00,-6.644806099646302644e-02,-2.851109954114103402e+03,-1.397573090363278425e+03,6.959442494837925608e+01,5.171560759313257316e-08
3.072790697674418916e+05,2.737274798868661652e+00,1.341805656289208226e+00,-6.681589223467560013e-02,-2.866886748781053029e+03,-1.405341128718575192e+03,6.997967326289091261e+01,5.171560758566623581e-08
3.089767441860465333e+05,2.752338253769494258e+00,1.349222466885633631e+00,-6.718372174275186182e-02,-2.882663469212595828e+03,-1.413109130683850481e+03,7.036491976534300363e+01,5.171560757836268099e-08
3.106744186046511750e+05,2.767401638565806898e+00,1.356639243116154470e+00,-6.755154953959854880e-02,-2.898440116220118853e+03,-1.420877096655971172e+03,7.075016447553760202e+01,5.171560757121752795e-08
3.123720930232558167e+05,2.782464954019669978e+00,1.364055985353529010e+00,-6.791937564381417269e-02,-2.914216690601776008e+03,-1.428645027025344916e+03,7.113540741295382475e+01,5.171560756422646872e-08
3.140697674418604583e+05,2.797528200880788241e+00,1.371472693964480571e+00,-6.828720007369556977e-02,-2.929993193142773634e+03,-1.436412922176060420e+03,7.152064859675486730e+01,5.171560755738540051e-08
3.157674418604651582e+05,2.812591379886774323e+00,1.378889369309829416e+00,-6.865502284724440962e-02,-2.945769624615647899e+03,-1.444180782486022508e+03,7.190588804579479643e+01,5.171560755069031974e-08
3.174651162790697999e+05,2.827654491763399669e+00,1.386306011744617095e+00,-6.902284398217349570e-02,-2.961545985780538103e+03,-1.451948608327084457e+03,7.229112577862514399e+01,5.171560754413731552e-08
3.191627906976744416e+05,2.842717537224853430e+00,1.393722621618229462e+00,-6.939066349591299643e-02,-2.977322277385449524e+03,-1.459716400065176458e+03,7.267636181350138713e+01,5.171560753772270193e-08
3.208604651162790833e+05,2.857780516973982277e+00,1.401139199274517688e+00,-6.975848140561630162e-02,-2.993098500166510348e+03,-1.467484158060429991e+03,7.306159616838917259e+01,5.171560753144276657e-08
3.225581395348837250e+05,2.872843431702532424e+00,1.408555745051912389e+00,-7.012629772816593443e-02,-3.008874654848220871e+03,-1.475251882667301061e+03,7.344682886097041319e+01,5.171560752529407499e-08
3.242558139534883667e+05,2.887906282091382781e+00,1.415972259283538204e+00,-7.049411248017925513e-02,-3.024650742143699517e+03,-1.483019574234688434e+03,7.383205990864929902e+01,5.171560751927315966e-08
3.259534883720930666e+05,2.902969068810768327e+00,1.423388742297324150e+00,-7.086192567801388731e-02,-3.040426762754918400e+03,-1.490787233106048916e+03,7.421728932855799599e+01,5.171560751337673832e-08
3.276511627906977083e+05,2.918031792520504819e+00,1.430805194416111537e+00,-7.122973733777318572e-02,-3.056202717372934785e+03,-1.498554859619509671e+03,7.460251713756238701e+01,5.171560750760161475e-08
3.293488372093023499e+05,2.933094453870198848e+00,1.438221615957756994e+00,-7.159754747531144048e-02,-3.071978606678116648e+03,-1.506322454107978729e+03,7.498774335226745791e+01,5.171560750194467213e-08
3.310465116279069916e+05,2.948157053499461888e+00,1.445638007235236611e+00,-7.196535610623899792e-02,-3.087754431340360043e+03,-1.514090016899251623e+03,7.537296798902272599e+01,5.171560749640290613e-08
3.327441860465116333e+05,2.963219592038113692e+00,1.453054368556743414e+00,-7.233316324592725666e-02,-3.103530192019306469e+03,-1.521857548316115071e+03,7.575819106392742697e+01,5.171560749097339185e-08
3.344418604651162750e+05,2.978282070106376800e+00,1.460470700225787066e+00,-7.270096890951349700e-02,-3.119305889364547966e+03,-1.529625048676449524e+03,7.614341259283558827e+01,5.171560748565333011e-08
3.361395348837209167e+05,2.993344488315077268e+00,1.467887002541285124e+00,-7.306877311190561330e-02,-3.135081524015832656e+03,-1.537392518293326475e+03,7.652863259136104546e+01,5.171560748043992173e-08
3.378372093023256166e+05,3.008406847265828077e+00,1.475303275797657188e+00,-7.343657586778676305e-02,-3.150857096603261198e+03,-1.545159957475106921e+03,7.691385107488217443e+01,5.171560747533056605e-08
3.395348837209302583e+05,3.023469147551214764e+00,1.482719520284914605e+00,-7.380437719161975219e-02,-3.166632607747478687e+03,-1.552927366525534126e+03,7.729906805854666629e+01,5.171560747032264919e-08
3.412325581395349000e+05,3.038531389754980161e+00,1.490135736288747292e+00,-7.417217709765164257e-02,-3.182408058059866562e+03,-1.560694745743825933e+03,7.768428355727610324e+01,5.171560746541367636e-08
3.429302325581395417e+05,3.053593574452190040e+00,1.497551924090610109e+00,-7.453997559991776267e-02,-3.198183448142722682e+03,-1.568462095424763675e+03,7.806949758577043497e+01,5.171560746060120573e-08
3.446279069767441833e+05,3.068655702209413860e+00,1.504968083967804571e+00,-7.490777271224602352e-02,-3.213958778589443227e+03,-1.576229415858780158e+03,7.845471015851238406e+01,5.171560745588288810e-08
3.463255813953488250e+05,3.083717773584885080e+00,1.512384216193562558e+00,-7.527556844826105431e-02,-3.229734049984693229e+03,-1.583996707332044252e+03,7.883992128977163816e+01,5.171560745125641400e-08
3.480232558139535249e+05,3.098779789128665030e+00,1.519800321037123592e+00,-7.564336282138800494e-02,-3.245509262904581647e+03,-1.591763970126544564e+03,7.922513099360907063e+01,5.171560744671957980e-08
3.497209302325581666e+05,3.113841749382805446e+00,1.527216398763812988e+00,-7.601115584485648724e-02,-3.261284417916825078e+03,-1.599531204520169922e+03,7.961033928388071956e+01,5.171560744227021499e-08
3.514186046511628083e+05,3.128903654881496799e+00,1.534632449635117357e+00,-7.637894753170439144e-02,-3.277059515580909647e+03,-1.607298410786788281e+03,7.999554617424186631e+01,5.171560743790622184e-08
3.531162790697674500e+05,3.143965506151225942e+00,1.542048473908758766e+00,-7.674673789478156372e-02,-3.292834556448251533e+03,-1.615065589196324709e+03,8.038075167815077293e+01,5.171560743362555555e-08
3.548139534883720917e+05,3.159027303710919554e+00,1.549464471838765789e+00,-7.711452694675338670e-02,-3.308609541062348399e+03,-1.622832740014836418e+03,8.076595580887253334e+01,5.171560742942624413e-08
3.565116279069767334e+05,3.174089048072089358e+00,1.556880443675543679e+00,-7.748231470010430444e-02,-3.324384469958933096e+03,-1.630599863504586210e+03,8.115115857948272549e+01,5.171560742530637514e-08
3.582093023255814333e+05,3.189150739738974227e+00,1.564296389665944531e+00,-7.785010116714119466e-02,-3.340159343666119184e+03,-1.638366959924113871e+03,8.153636000287097829e+01,5.171560742126405598e-08
3.599069767441860749e+05,3.204212379208672967e+00,1.571712310053332340e+00,-7.821788635999679662e-02,-3.355934162704545543e+03,-1.646134029528307110e+03,8.192156009174456699e+01,5.171560741729748010e-08
3.616046511627907166e+05,3.219273966971285539e+00,1.579128205077649394e+00,-7.858567029063301401e-02,-3.371708927587517337e+03,-1.653901072568469999e+03,8.230675885863175267e+01,5.171560741340488063e-08
3.633023255813953583e+05,3.234335503510036958e+00,1.586544074975480001e+00,-7.895345297084396807e-02,-3.387483638821141085e+03,-1.661668089292388913e+03,8.269195631588513606e+01,5.171560740958455028e-08
3.650000000000000000e+05,3.249396989301409633e+00,1.593959919980112883e+00,-7.932123441225925886e-02,-3.403258296904460622e+03,-1.669435079944399376e+03,8.307715247568498285e+01,5.171560740583482145e-08
