# N, dt, tmax
# 3, 1262.9757785467127, 365000
# t, xSun, ySun, zSun, xJup, yJup, zJup, xSat, ySat, zSat E
0.000000000000000000e+00,-5.170151348210463502e-03,-3.199338259971517759e-03,1.635266715080669990e-04,2.656108531185689348e+00,4.247624964374128176e+00,-7.703558120299193457e-02,9.214417335570990630e+00,-2.995248118946571392e+00,-3.147370095891919850e-01,-3.155910129732769618e-08
1.267361111111111086e+03,7.572133292940373336e-03,-2.996273270583035830e-03,-9.718870717972277230e-05,-1.050956476082050983e+01,1.800548207223040542e+00,2.277160939909553816e-01,8.613334890136911781e+00,4.467512672923175110e+00,-4.205839794378616325e-01,1.946798624759551411e-08
2.534722222222222172e+03,1.859100916801095793e-02,-4.132116216863136737e-04,-3.550416733450628714e-04,-2.070900197504721874e+01,-2.626937748122409655e+00,4.743241030709858808e-01,4.133832958143146108e+00,1.021927979226958705e+01,-3.422473048101713489e-01,1.732666166224797308e-08
3.802083333333333030e+03,2.907098471688423710e-02,2.924249027851447136e-03,-6.223963346414544077e-04,-2.992423847876642995e+01,-6.941656430283567047e+00,6.984418587530258904e-01,-1.747721201045355111e+00,1.295545218182738445e+01,-1.555566085190721037e-01,1.726488456702366636e-08
5.069444444444444343e+03,3.901919579052937070e-02,6.854841502353388460e-03,-8.882674795825404399e-04,-3.866157248075818842e+01,-1.114597023057725345e+01,9.114073501202534233e-01,-7.365281427314013030e+00,1.324804776331712297e+01,6.319255522168704120e-02,1.727443559942345139e-08
6.336805555555555657e+03,4.844441375012718820e-02,1.118578623596748478e-02,-1.145928882003979885e-03,-4.712113866986172184e+01,-1.527025271210998980e+01,1.117824944686284683e+00,-1.208109196323474954e+01,1.187287351253370815e+01,2.750928851119817109e-01,1.728002232331268139e-08
7.604166666666666060e+03,5.738109855311730734e-02,1.577300359026298504e-02,-1.392382091672141834e-03,-5.539866632056246942e+01,-1.933554565377382062e+01,1.319924187484454503e+00,-1.569596647744590534e+01,9.404211860299131587e+00,4.622089645778137412e-01,1.728259416877482820e-08
8.871527777777777374e+03,6.586540132795370983e-02,2.051570661120047379e-02,-1.626249185989753297e-03,-6.354726869267542355e+01,-2.335583564836814219e+01,1.518951720363931557e+00,-1.815896964660209889e+01,6.241339446269067892e+00,6.155569766099102669e-01,1.728353147664516322e-08
1.013888888888888869e+04,7.392596202926546289e-02,2.533918424040418338e-02,-1.846704825600248550e-03,-7.159953896234085846e+01,-2.734071557896991678e+01,1.715676736146153347e+00,-1.946142730406142007e+01,2.677642240320786016e+00,7.296807454271615478e-01,1.728323223476317965e-08
1.140625000000000000e+04,8.158227259579660384e-02,3.018156481727959917e-02,-2.053003145760375417e-03,-7.957696246381603089e+01,-3.129701180225689683e+01,1.910608353281027183e+00,-1.959976424587993549e+01,-1.047647247359785094e+00,8.002707389064374066e-01,1.728161315844839307e-08
1.267361111111111131e+04,8.884541560212286249e-02,3.498398021510595868e-02,-2.244247701164398239e-03,-8.749447693164613327e+01,-3.522974481855840168e+01,2.104101659558829773e+00,-1.856285714680256405e+01,-4.711834609418986020e+00,8.230051339217937523e-01,1.727817723395421683e-08
1.394097222222222263e+04,9.571979798031632347e-02,3.968155812810725269e-02,-2.419255696515857507e-03,-9.536290361199884558e+01,-3.914271220927255968e+01,2.296414544080957576e+00,-1.632997950332648784e+01,-8.075306740182307763e+00,7.928850665435340783e-01,1.727173193773398734e-08
1.520833333333333212e+04,1.022066815470797224e-01,4.419242515095521406e-02,-2.576479096009681551e-03,-1.031903419724782225e+02,-4.303885568406813888e+01,2.487740438027780776e+00,-1.287849349416600120e+01,-1.084183766174768948e+01,7.038493132722457579e-01,1.725949387970923261e-08
1.647569444444444525e+04,1.083134105401736547e-01,4.840113191416428595e-02,-2.714066095923274753e-03,-1.109830176130875685e+02,-4.692050059121136485e+01,2.678228286568918648e+00,-8.213296790057663443e+00,-1.259980814594607246e+01,5.489226228360328808e-01,1.723460048247747758e-08
1.774305555555555475e+04,1.140810341752678675e-01,5.213283982459362975e-02,-2.830500116347908421e-03,-1.187458225392237239e+02,-5.078951729383029345e+01,2.867995309751504518e+00,-2.461644359472605625e+00,-1.273136953026696361e+01,3.224083483760774582e-01,1.718096630603119980e-08
1.901041666666666788e+04,1.196684286088007254e-01,5.513020117692468691e-02,-2.927538729537442971e-03,-1.264826730266041324e+02,-5.464743301283587584e+01,3.057135474555654486e+00,3.833780285691527290e+00,-1.033119463602030663e+01,3.014079751792576173e-02,1.709197732135548681e-08
2.027777777777777737e+04,1.255473928643303094e-01,5.716381399691458642e-02,-3.019899899191814258e-03,-1.341967545112994742e+02,-5.849551129138134087e+01,3.245725303817915464e+00,9.033219209827246132e+00,-4.592593734972586716e+00,-2.766507980567848857e-01,1.721320946775401715e-08
2.154513888888888687e+04,1.324173833616475171e-01,5.859665187344129111e-02,-3.141696411019107883e-03,-1.418906939048870299e+02,-6.233480971372657109e+01,3.433827970332288260e+00,1.069868216951612894e+01,3.218249879762408394e+00,-4.788477167049961514e-01,1.780676405526131567e-08
2.281250000000000000e+04,1.402050702773956492e-01,6.024704544483902580e-02,-3.304216728837841219e-03,-1.495666838239381207e+02,-6.616622263434703655e+01,3.621496251921073828e+00,9.094006964222314693e+00,1.024172618396179679e+01,-5.371381310871403691e-01,1.813687869906894694e-08
2.407986111111110949e+04,1.484249486941099372e-01,6.236998004939742213e-02,-3.492533460804588853e-03,-1.572265739940812352e+02,-6.999051329039593838e+01,3.808774708364080386e+00,5.923713190257426042e+00,1.558842178311720872e+01,-5.038882813668846827e-01,1.822544670392384492e-08
2.534722222222222263e+04,1.567960923655848104e-01,6.491490697353455297e-02,-3.694547269037907686e-03,-1.648719396406612532e+02,-7.380833832043366272e+01,3.995701313724059567e+00,2.175768300003968481e+00,1.943735394211457290e+01,-4.215496144845105042e-01,1.825027278319390571e-08
2.661458333333333212e+04,1.651917427648738890e-01,6.779334698099820367e-02,-3.903640577390923589e-03,-1.725041335372201559e+02,-7.762026681322888066e+01,4.182308700722613182e+00,-1.701896333548324147e+00,2.209993203065926792e+01,-3.133800222899225107e-01,1.825911397771176549e-08
2.788194444444444525e+04,1.735539235738652875e-01,7.093433109180999341e-02,-4.116243151885771653e-03,-1.801243262384507489e+02,-8.142679528492263330e+01,4.368625123396888021e+00,-5.502564538618581302e+00,2.382607051555346800e+01,-1.919628841163573962e-01,1.826304185939469099e-08
2.914930555555555475e+04,1.818543603098674022e-01,7.428646934090613052e-02,-4.330311598755652580e-03,-1.877335375800842030e+02,-8.522835957672592144e+01,4.554675211402589241e+00,-9.123923335008290891e+00,2.479699198711310970e+01,-6.452844418590679421e-02,1.826509636533397828e-08
3.041666666666666424e+04,1.900781994812303088e-01,7.781264526362127731e-02,-4.544588231768111226e-03,-1.953326616293462621e+02,-8.902534440317468523e+01,4.740480567964260317e+00,-1.251102768442581414e+01,2.514381823586196063e+01,6.445163984158783221e-02,1.826629564513142537e-08
3.168402777777777737e+04,1.982169256439589300e-01,8.148547047830506651e-02,-4.758239472886290934e-03,-2.029224866587573217e+02,-9.281809108741821035e+01,4.926060248921531048e+00,-1.563145698059960687e+01,2.496349638314954333e+01,1.919977885699878095e-01,1.826704406194739876e-08
3.295138888888889051e+04,2.062650540256671383e-01,8.528418258141085007e-02,-4.970669790363781843e-03,-2.105037112917843274e+02,-9.660690388226267089e+01,5.111431150237726762e+00,-1.846369161291628203e+01,2.432967144623322042e+01,3.159703446612190936e-01,1.826752521164550466e-08
3.421875000000000000e+04,2.142184652067758988e-01,8.919259974846133199e-02,-5.181419482285158466e-03,-2.180769576705449992e+02,-1.003920551769188876e+02,5.296608324245823951e+00,-2.099124354607426213e+01,2.329985872567607430e+01,4.347109538548549756e-01,1.826783096085470413e-08
3.548611111111110949e+04,2.220734948547768706e-01,9.319775295995075259e-02,-5.390104374940424790e-03,-2.256427822829348884e+02,-1.041737898176384221e+02,5.481605239843354127e+00,-2.319943596338700686e+01,2.192024283776610716e+01,5.468307552047737552e-01,1.826800995064676679e-08
3.675347222222221899e+04,2.298263827992219899e-01,9.728893966029042439e-02,-5.596377208716113438e-03,-2.332016849325782175e+02,-1.079523287176348845e+02,5.666433998182041520e+00,-2.507344612042404819e+01,2.022900016098280673e+01,6.510745849228037896e-01,1.826808780689506993e-08
3.802083333333333576e+04,2.374728905132494350e-01,1.014570354510452854e-01,-5.799900255673615286e-03,-2.407541162221814659e+02,-1.117278718924188041e+02,5.851105512709668943e+00,-2.659694226561991215e+01,1.825871673528954986e+01,7.462245887765436292e-01,1.826807602181420489e-08
3.928819444444444525e+04,2.450079852656555923e-01,1.056939565829547456e-01,-6.000323244293708641e-03,-2.483004838372094127e+02,-1.155006010271490027e+02,6.035629660426808485e+00,-2.775095778754815612e+01,1.603827709013472713e+01,8.310224955916893919e-01,1.826797556057666865e-08
4.055555555555555475e+04,2.524255280079865105e-01,1.099921958666418009e-01,-6.197262733010718352e-03,-2.558411578540852247e+02,-1.192706816601849198e+02,6.220015409724520161e+00,-2.851278168567696270e+01,1.359449496514548983e+01,9.040970369743029922e-01,1.826777732896424069e-08
4.182291666666666424e+04,2.597179163259874524e-01,1.143443653987753772e-01,-6.390279830818959214e-03,-2.633764752496146002e+02,-1.230382650498410868e+02,6.404270929034790782e+00,-2.885469451991416534e+01,1.095371913164160027e+01,9.638856490216910489e-01,1.826745981459009128e-08
4.309027777777777374e+04,2.668756336333626966e-01,1.187426728413587540e-01,-6.578853041978157887e-03,-2.709067437520137105e+02,-1.268034897780623282e+02,6.588403679657687917e+00,-2.874237858599192208e+01,8.143670772859518792e+00,1.008539170524340056e+00,1.826698270779906926e-08
4.435763888888889051e+04,2.738866443714491061e-01,1.231782286315167285e-01,-6.762342046550301120e-03,-2.784322451458999126e+02,-1.305664831343840717e+02,6.772420495459244627e+00,-2.813279122886402916e+01,5.195871551270816902e+00,1.035794877709337536e+00,1.826627280500379140e-08
4.562500000000000000e+04,2.807355523308088241e-01,1.276400125690883014e-01,-6.939936126539229463e-03,-2.859532381218101591e+02,-1.343273623154112215e+02,6.956327651612685514e+00,-2.697121105567439159e+01,2.149262588040572020e+00,1.042795844460606469e+00,1.826519243118203587e-08
4.689236111111110949e+04,2.874024064280730761e-01,1.321131777823046916e-01,-7.110577021795848850e-03,-2.934699607437225382e+02,-1.380862354686147739e+02,7.140130924146585123e+00,-2.518705219006616147e+01,-9.438591640468354527e-01,1.025820886171795010e+00,1.826346323284651981e-08
4.815972222222221899e+04,2.938610120153588579e-01,1.365760346020438720e-01,-7.272839110853771168e-03,-3.009826325945604140e+02,-1.418432026041219274e+02,7.323835641740329194e+00,-2.268794990869456996e+01,-4.007287185274226893e+00,9.798652481076098875e-01,1.826046192029711904e-08
4.942708333333333576e+04,3.000766834159848129e-01,1.409942715098183585e-01,-7.424739220851602275e-03,-3.084914566489248955e+02,-1.455983563940645240e+02,7.507446730950134040e+00,-1.935189254611443843e+01,-6.920687054708531960e+00,8.979751516693693647e-01,1.825459962160713725e-08
5.069444444444444525e+04,3.060040422724744635e-01,1.453090425997002888e-01,-7.563441419242799071e-03,-3.159966209137011219e+02,-1.493517828757348695e+02,7.690968755842853000e+00,-1.501951443062147007e+01,-9.477922929224458670e+00,7.702149958078898795e-01,1.824117247355041494e-08
5.196180555555555475e+04,3.115891581558515866e-01,1.494108496267805286e-01,-7.684887221190666098e-03,-3.234982998702432155e+02,-1.531035620721032728e+02,7.874405952848758439e+00,-9.501579118977543814e+00,-1.129569243347356355e+01,5.823736714947320703e-01,1.820440018411260728e-08
5.322916666666666424e+04,3.167992443654755186e-01,1.530830898566846177e-01,-7.783994395846954850e-03,-3.309966557461830803e+02,-1.568537685410551887e+02,8.057762261509598289e+00,-2.682853834181221142e+00,-1.161604992258906677e+01,3.166599019841390139e-01,1.809954776923473242e-08
5.449652777777777374e+04,3.217828705280305623e-01,1.559332373056440679e-01,-7.859836474834888675e-03,-3.384918396402116514e+02,-1.606024718629473398e+02,8.241041351687702132e+00,4.917455633844814322e+00,-9.065670394307112190e+00,-3.017944290416129521e-02,1.802713424440567875e-08
5.576388888888889051e+04,3.272305092605657384e-01,1.577428868789256255e-01,-7.936094672318833726e-03,-3.459839925193356862e+02,-1.643497370749284983e+02,8.424246647711660430e+00,1.088448230654075743e+01,-2.880335177369812261e+00,-3.753166979738432607e-01,1.864093001942415175e-08
5.703125000000000000e+04,3.336010975413465918e-01,1.592273469895619242e-01,-8.043498092895423612e-03,-3.534732461062723701e+02,-1.680956250602202147e+02,8.607381349870578902e+00,1.361326165201414007e+01,4.437943336781455805e+00,-6.112692697642487794e-01,1.904843721529080417e-08
5.829861111111110949e+04,3.405660904530843358e-01,1.608826710488272527e-01,-8.177605346911023462e-03,-3.609597236744556881e+02,-1.718401928979738784e+02,8.790448453622984104e+00,1.425348624916655282e+01,1.115411455636886018e+01,-7.535835593929646192e-01,1.912967584594634514e-08
5.956597222222221899e+04,3.478473326600613480e-01,1.627832809418668369e-01,-8.328636376833821464e-03,-3.684435407605293449e+02,-1.755834941751447218e+02,8.973450766790373123e+00,1.377855536672090864e+01,1.700802274327326913e+01,-8.364805008918738682e-01,1.914464940112557555e-08
6.083333333333332848e+04,3.553019559050760168e-01,1.649015843883279153e-01,-8.490420209501631579e-03,-3.759248058009559372e+02,-1.793255792657820109e+02,9.156390924962053646e+00,1.268859770391708430e+01,2.209635652166375763e+01,-8.815555383317088545e-01,1.914797290862848981e-08
6.210069444444444525e+04,3.628567922474884577e-01,1.672004725173547590e-01,-8.659395141863842141e-03,-3.834036207038657835e+02,-1.830664955833885017e+02,9.339271405344529597e+00,1.123990192869336902e+01,2.654908455140001422e+01,-9.012761158745647982e-01,1.914886149811922171e-08
6.336805555555555475e+04,3.704717667540259884e-01,1.696492718310484982e-01,-8.833429208980225766e-03,-3.908800813644256777e+02,-1.868062878090925949e+02,9.522094539244001510e+00,9.572974190765046743e+00,3.047365482979997608e+01,-9.031078327371018233e-01,1.914914333555170256e-08
6.463541666666666424e+04,3.781233295844951270e-01,1.722244429952867195e-01,-9.011172745752096813e-03,-3.983542781302384128e+02,-1.905449980982510567e+02,9.704862523340304747e+00,7.770495789957870159e+00,3.395255094603269441e+01,-8.917792804701242249e-01,1.914925178964341995e-08
6.590277777777778101e+04,3.857967811863328156e-01,1.749080067085213019e-01,-9.191725406696594353e-03,-4.058262962224768557e+02,-1.942826662678670573e+02,9.887577429890141545e+00,5.884171770125718126e+00,3.704879916526887484e+01,-8.704468730129581999e-01,1.914930500515443328e-08
6.717013888888889051e+04,3.934824787374105459e-01,1.776860532461634890e-01,-9.374459164325450733e-03,-4.132962161177159146e+02,-1.980193299669162741e+02,1.007024121597949140e+01,3.948002412367227709e+00,3.981118275072047652e+01,-8.413140458236501029e-01,1.914933864847246991e-08
6.843750000000000000e+04,4.011738316598544296e-01,1.805476380573582396e-01,-9.558919259861664228e-03,-4.207641138947905119e+02,-2.017550248314150565e+02,1.025285573192972066e+01,1.985296273665236644e+00,4.227810578734572289e+01,-8.059777676129501467e-01,1.914936429652185138e-08
6.970486111111110949e+04,4.088661775585648028e-01,1.834840036413523667e-01,-9.744765889964496913e-03,-4.282300615504581742e+02,-2.054897846258415370e+02,1.043542272894877598e+01,1.260331338449566241e-02,4.448031560343805069e+01,-7.656325511893707914e-01,1.914938591467843300e-08
7.097222222222221899e+04,4.165561188207140275e-01,1.864880333862423134e-01,-9.931738274741291200e-03,-4.356941272871780484e+02,-2.092236413723267106e+02,1.061794386610747054e+01,-1.957963508550222498e+00,4.644281372526484830e+01,-7.211961702153403264e-01,1.914940493536076679e-08
7.223958333333332848e+04,4.242411136253391168e-01,1.895538639481081922e-01,-1.011963161669798827e-02,-4.431563757759153077e+02,-2.129566254688641607e+02,1.080042071671121029e+01,-3.917296667201511262e+00,4.818621220592760324e+01,-6.733902802347512262e-01,1.914942192429834324e-08
7.350694444444443798e+04,4.319192141864029999e-01,1.926766057322940595e-01,-1.030828180501150264e-02,-4.506168683965310606e+02,-2.166887657976408548e+02,1.098285477412904854e+01,-5.858377619474157250e+00,4.972771176980931784e+01,-6.227939440276033523e-01,1.914943714881918098e-08
7.477430555555554747e+04,4.395888937157989562e-01,1.958521378684879299e-01,-1.049755495006884920e-02,-4.580756634580163791e+02,-2.204200898244648670e+02,1.116524745713469180e+01,-7.775670768949204614e+00,5.108181934100387878e+01,-5.698802586097970746e-01,1.914945077428866864e-08
7.604166666666667152e+04,4.472489287481343778e-01,1.990769553076012222e-01,-1.068734003044810935e-02,-4.655328164005683789e+02,-2.241506236901550437e+02,1.134760011480778630e+01,-9.664711152046773890e+00,5.226088321797285374e+01,-5.150420931514874123e-01,1.914946293073395714e-08
7.730902777777778101e+04,4.548983170747907256e-01,2.023480529967502939e-01,-1.087754360385068814e-02,-4.729883799812790244e+02,-2.278803922946612772e+02,1.152991403103827039e+01,-1.152181674350340934e+01,5.327549852124848684e+01,-4.586106056751033111e-01,1.914947373386401533e-08
7.857638888888889051e+04,4.625362191936934764e-01,2.056628368697835940e-01,-1.106808592170462069e-02,-4.804424044450071278e+02,-2.316094193745991845e+02,1.171219042867183013e+01,-1.334388307148387831e+01,5.413481881585997257e+01,-4.008688483819857207e-01,1.914948329051491363e-08
7.984375000000000000e+04,4.701619156476918304e-01,2.090190545410285927e-01,-1.125889801985950102e-02,-4.878949376818334258e+02,-2.353377275748093496e+02,1.189443047333029746e+01,-1.512823345735491465e+01,5.484679879009184589e+01,-3.420619574335661550e-01,1.914949169925500592e-08
8.111111111111110949e+04,4.777747753120422658e-01,2.124147406943837635e-01,-1.144991950145518231e-02,-4.953460253723450251e+02,-2.390653385144866547e+02,1.207663527693714300e+01,-1.687250759709286640e+01,5.541838551041701777e+01,-2.824049204590622364e-01,1.914949904986936440e-08
8.237847222222221899e+04,4.853742313543005782e-01,2.158481735872178064e-01,-1.164109681911392954e-02,-5.027957111218621549e+02,-2.427922728483667356e+02,1.225880590097503031e+01,-1.857457701842717057e+01,5.585567077928495650e+01,-2.220885964879831531e-01,1.914950542288982852e-08
8.364583333333332848e+04,4.929597626444688907e-01,2.193178400716698229e-01,-1.183238192271802991e-02,-5.102440365846042027e+02,-2.465185503234078226e+02,1.244094335949951180e+01,-2.023247963708874408e+01,5.616401368320107679e+01,-1.612844562161419582e-01,1.914951088943583885e-08
8.491319444444443798e+04,5.005308790768232541e-01,2.228224072233804254e-01,-1.202373117822713722e-02,-5.176910415786883277e+02,-2.502441898313601030e+02,1.262304862193052024e+01,-2.184436802710144221e+01,5.634814001365585767e+01,-1.001483734071519638e-01,1.914951551134046305e-08
8.618055555555554747e+04,5.080871097165347017e-01,2.263606991553654413e-01,-1.221510448946969835e-02,-5.251367641927603245e+02,-2.539692094575768806e+02,1.280512261564102161e+01,-2.340846760040963304e+01,5.641222353739220097e+01,-3.882370559412310490e-02,1.914951934146547228e-08
8.744791666666667152e+04,5.156279929875753343e-01,2.299316779454765314e-01,-1.240646457303268627e-02,-5.325812408849824351e+02,-2.576936265263851169e+02,1.298716622836034240e+01,-2.492304195264592792e+01,5.635995286546553018e+01,2.255616138984971319e-02,1.914952242411124552e-08
8.871527777777778101e+04,5.231530683248416524e-01,2.335344278614375213e-01,-1.259777634904577989e-02,-5.400245065750235653e+02,-2.614174576433031234e+02,1.316918031040783355e+01,-2.638636335423381141e+01,5.619458677654819212e+01,8.386567485739238048e-02,1.914952479544825354e-08
8.998263888888889051e+04,5.306618688551498764e-01,2.371681422559015484e-01,-1.278900641958278725e-02,-5.474665947296407467e+02,-2.651407187343653504e+02,1.335116567677111910e+01,-2.779668686198648686e+01,5.591900019058711280e+01,1.449852837250826532e-01,1.914952648391845980e-08
9.125000000000000000e+04,5.381539147692996350e-01,2.408321126445599480e-01,-1.298012261273686491e-02,-5.549075374423797484e+02,-2.688634250827889218e+02,1.353312310904171412e+01,-2.915222686777165251e+01,5.553572249706542863e+01,2.057998371809820759e-01,1.914952751057117898e-08
9.251736111111110949e+04,5.456287071140417666e-01,2.445257195863219657e-01,-1.317109357492633401e-02,-5.623473655078744287e+02,-2.725855913631950216e+02,1.371505335721962382e+01,-3.045113513407625661e+01,5.504696957128373214e+01,2.661971525050127463e-01,1.914952788930971577e-08
9.378472222222221899e+04,5.530857217771317780e-01,2.482484250652744473e-01,-1.336188839716028962e-02,-5.697861084911788794e+02,-2.763072316735787695e+02,1.389695714139746130e+01,-3.169147952159755732e+01,5.445467052975772049e+01,3.260667020862896281e-01,1.914952762703101607e-08
9.505208333333332848e+04,5.605244034663006136e-01,2.519997661360784402e-01,-1.355247626317391749e-02,-5.772237947925260642e+02,-2.800283595652033455e+02,1.407883515333359092e+01,-3.287122271082854752e+01,5.376049005905487377e+01,3.852983773132394041e-01,1.914952672364439112e-08
9.631944444444443798e+04,5.679441594974256047e-01,2.557793496423578228e-01,-1.374282610875390311e-02,-5.846604517078702656e+02,-2.837489880705774112e+02,1.426068805792299621e+01,-3.398820027029121604e+01,5.296584698481353826e+01,4.437812919495047748e-01,1.914952517195474270e-08
9.758680555555554747e+04,5.753443532104953739e-01,2.595868478547909142e-01,-1.393290628235425641e-02,-5.920961054855400789e+02,-2.874691297296632797e+02,1.444251649457375208e+01,-3.504009743574545865e+01,5.207192961763814054e+01,5.014025903389148775e-01,1.914952295739412321e-08
9.885416666666667152e+04,5.827242968250297972e-01,2.634219949044183107e-01,-1.412268419732921540e-02,-5.995307813792976503e+02,-2.911887966144468010e+02,1.462432107849627805e+01,-3.602442394056846808e+01,5.107970831178288762e+01,5.580462265776523489e-01,1.914952005758031568e-08
1.001215277777777810e+05,5.900832435294254275e-01,2.672845839087399922e-01,-1.431212596581021151e-02,-6.069645036980749637e+02,-2.949080003519918023e+02,1.480610240191196603e+01,-3.693848617742462181e+01,4.998994559533417004e+01,6.135916797449356697e-01,1.914951644167448831e-08
1.013888888888888905e+05,5.974203785702627556e-01,2.711744647045257750e-01,-1.450119600340757375e-02,-6.143972958526335333e+02,-2.986267521460894727e+02,1.498786103518711776e+01,-3.777935587199301892e+01,4.880320417336168504e+01,6.679125673252429563e-01,1.914951206949941666e-08
1.026562500000000000e+05,6.047348090660226161e-01,2.750915421124167093e-01,-1.468985659245619982e-02,-6.218291803993753319e+02,-3.023450627976043279e+02,1.516959752789771620e+01,-3.854383430406463162e+01,4.751985306645605789e+01,7.208751138445413931e-01,1.914950689036495661e-08
1.039236111111111095e+05,6.120255522117032942e-01,2.790357746643309378e-01,-1.487806738932137204e-02,-6.292601790815079994e+02,-3.060629427236104902e+02,1.535131240983001000e+01,-3.922841090870053193e+01,4.614007212629850585e+01,7.723364240381149770e-01,1.914950084152655036e-08
1.051909722222222190e+05,6.192915214618086583e-01,2.830071737247342734e-01,-1.506578485813582155e-02,-6.366903128677580526e+02,-3.097804019754029241e+02,1.553300619192151366e+01,-3.982921481373306705e+01,4.466385516969480562e+01,8.221424988668959433e-01,1.914949384617068419e-08
1.064583333333333285e+05,6.265315101720911883e-01,2.870058029295365909e-01,-1.525296160894916431e-02,-6.441196019888024011e+02,-3.134974502554625246e+02,1.571467936714665647e+01,-4.034195749537386178e+01,4.309101199802832127e+01,8.701259173442750239e-01,1.914948581077345271e-08
1.077256944444444380e+05,6.337441720352103847e-01,2.910317778490345564e-01,-1.543954561218720961e-02,-6.515480659715798311e+02,-3.172140969334477063e+02,1.589633241135090636e+01,-4.076186422571690571e+01,4.142116962973329208e+01,9.161030858553792511e-01,1.914947662160315644e-08
1.089930555555555475e+05,6.409279974473413022e-01,2.950852657493916453e-01,-1.562547925287535722e-02,-6.589757236716274065e+02,-3.209303510612779178e+02,1.607796578403697296e+01,-4.108359129292338707e+01,3.965377318503428938e+01,9.598709271161529610e-01,1.914946614001464008e-08
1.102604166666666715e+05,6.480812846700543250e-01,2.991664852731443780e-01,-1.581069817628206683e-02,-6.664025933035787830e+02,-3.246462213873710994e+02,1.625957992910631944e+01,-4.130112502091984794e+01,3.778808705112005839e+01,1.001202839649641740e+00,1.914945419597617409e-08
1.115277777777777810e+05,6.552021042721042354e-01,3.032757057706904069e-01,-1.599512985998073622e-02,-6.738286924699463043e+02,-3.283617163700912442e+02,1.644117527555905411e+01,-4.140765728731337703e+01,3.582319726557169304e+01,1.039843700387255598e+00,1.914944057890512068e-08
1.127951388888888905e+05,6.622882548001206571e-01,3.074132458709550875e-01,-1.617869182349898974e-02,-6.812540381883037526e+02,-3.320768441904579618e+02,1.662275223815491287e+01,-4.139543036453696345e+01,3.375801655875796570e+01,1.075503599646909780e+00,1.914942502422563009e-08
1.140625000000000000e+05,6.693372068601572966e-01,3.115794706452985618e-01,-1.636128935210870439e-02,-6.886786469169740030e+02,-3.357916127641665867e+02,1.680431121803794881e+01,-4.125554122608069463e+01,3.159129431489817463e+01,1.107849876651110455e+00,1.914940719280363360e-08
1.153298611111111095e+05,6.763460316752375467e-01,3.157747863335758076e-01,-1.654281256013803714e-02,-6.961025345793199222e+02,-3.395060297529626041e+02,1.698585260332729874e+01,-4.097769155297393695e+01,2.932163505878657617e+01,1.136496844744704360e+00,1.914938663793237118e-08
1.165972222222222190e+05,6.833113085278849086e-01,3.199996309578745368e-01,-1.672313254204434163e-02,-7.035257165867285494e+02,-3.432201025754127386e+02,1.716737676967619208e+01,-4.054986388233215422e+01,2.694753132579041477e+01,1.160992325620781918e+00,1.914936274943378885e-08
1.178645833333333285e+05,6.902290029907077740e-01,3.242544580533663900e-01,-1.690209624062716937e-02,-7.109482078603724631e+02,-3.469338384171093139e+02,1.734888408080123412e+01,-3.995789557387149671e+01,2.446742060693781085e+01,1.180799696081986871e+00,1.914933465345774061e-08
1.191319444444444380e+05,6.970943039717404366e-01,3.285397088335708649e-01,-1.707951947412489346e-02,-7.183700228518252970e+02,-3.506472442403447189e+02,1.753037488898386798e+01,-3.918490871041394286e+01,2.187978274973864856e+01,1.195273494497441247e+00,1.914930102180564060e-08
1.203993055555555475e+05,7.039014014583183654e-01,3.328557646771153067e-01,-1.725517725962126547e-02,-7.257911755626031436e+02,-3.543603267932876406e+02,1.771184953554572417e+01,-3.821053255990635478e+01,1.918330619459090514e+01,1.203625569586033839e+00,1.914925968587931889e-08
1.216666666666666570e+05,7.106431768492090795e-01,3.372028654659354752e-01,-1.742879006156181770e-02,-7.332116795626993735e+02,-3.580730926186922716e+02,1.789330835129950259e+01,-3.700982026634262212e+01,1.637717366448304901e+01,1.204876974934641742e+00,1.914920680291869821e-08
1.229340277777777810e+05,7.173107610386345590e-01,3.415809670688634281e-01,-1.760000371512715836e-02,-7.406315480081731266e+02,-3.617855480621682318e+02,1.807475165697686847e+01,-3.555170292759301276e+01,1.346156072835228201e+01,1.197787737650732431e+00,1.914913492765793515e-08
1.242013888888888905e+05,7.238928865794241885e-01,3.459894866524141355e-01,-1.776835919742530620e-02,-7.480507936578500221e+02,-3.654976992800380913e+02,1.825617976363474426e+01,-3.379672334573577075e+01,1.043852675402582086e+01,1.180751113808677477e+00,1.914902820699128488e-08
1.254687500000000000e+05,7.303749090566931113e-01,3.504268323821425613e-01,-1.793324547333958671e-02,-7.554694288891885208e+02,-3.692095522468059130e+02,1.843759297304134037e+01,-3.169361264765382913e+01,7.313660081803259772e+00,1.151628637525613286e+00,1.914884935947361922e-08
1.267361111111111095e+05,7.367372796763822507e-01,3.548894968678042439e-01,-1.809382289346121372e-02,-7.628874657133603705e+02,-3.729211127622611457e+02,1.861899157804306526e+01,-2.917394720650272433e+01,4.099249261815080203e+00,1.107482158538767525e+00,1.914850081419608819e-08
1.280034722222222190e+05,7.429530807148174709e-01,3.593702109017835600e-01,-1.824889291271717534e-02,-7.703049157895935650e+02,-3.766323864582373631e+02,1.880037586291351204e+01,-2.614352736583525072e+01,8.207414722665069551e-01,1.044118104613926512e+00,1.914769472796357259e-08
1.292708333333333285e+05,7.489839421490110949e-01,3.638539140149086304e-01,-1.839666532894530804e-02,-7.777217904388193119e+02,-3.803433788050464273e+02,1.898174610368550219e+01,-2.246809338486313479e+01,-2.469162086397487688e+00,9.552732591997328271e-01,1.914545554079194371e-08
1.305381944444444380e+05,7.547733239297067520e-01,3.683081821397584665e-01,-1.853432408373604720e-02,-7.851381006566634824e+02,-3.840540951176055273e+02,1.916310256846720605e+01,-1.794982615780264013e+01,-5.657021241893025909e+00,8.310958911016966821e-01,1.913790595290891100e-08
1.318055555555555620e+05,7.602372097080644098e-01,3.726582208065831736e-01,-1.865722113533951898e-02,-7.925538571258209686e+02,-3.877645405612738045e+02,1.934444551774323884e+01,-1.229479295799352023e+01,-8.481180690819762447e+00,6.553258455012885841e-01,1.910718184361613390e-08
1.330729166666666570e+05,7.652672608172779167e-01,3.767173083124755184e-01,-1.875779032507180963e-02,-7.999690702278452363e+02,-3.914747201574115820e+02,1.952577520466155647e+01,-5.123980321242320279e+00,-1.028845367957636725e+01,4.014951460908842695e-01,1.898000381721374082e-08
1.343402777777777810e+05,7.698745189236009256e-01,3.800383895529311218e-01,-1.882868318790342083e-02,-8.073837500543799024e+02,-3.951846387886722027e+02,1.970709187530693640e+01,3.524020676602930280e+00,-9.514983327718798733e+00,4.389735291954530855e-02,1.889355143684351411e-08
1.356076388888888760e+05,7.747418395176455252e-01,3.822371203525432026e-01,-1.889038995078034383e-02,-8.147979064178396129e+02,-3.988943012040360827e+02,1.988839576896154782e+01,1.126055042866884293e+01,-4.816281897162030035e+00,-3.457916027091106348e-01,1.967797427533304995e-08
1.368750000000000000e+05,7.803668779225830798e-01,3.840065088065927057e-01,-1.897479544037266458e-02,-8.222115488615496588e+02,-4.026037120236408100e+02,2.006968711835321884e+01,1.634479593848898915e+01,1.383458902504836274e+00,-6.560363919257169441e-01,1.997305618682739123e-08
1.381423611111110949e+05,7.864974780074096561e-01,3.857965472305624477e-01,-1.907969960160299169e-02,-8.296246866694957589e+02,-4.063128757434781733e+02,2.025096614989297450e+01,1.965885394675261111e+01,7.510138876248265483e+00,-8.945337693823059988e-01,2.000822471458621843e-08
1.394097222222222190e+05,7.929243740601615853e-01,3.876962169222950561e-01,-1.919832102414211622e-02,-8.370373288757297132e+02,-4.100217967398514247e+02,2.043223308390255966e+01,2.193478566165204313e+01,1.325250773759986522e+01,-1.085006478599391588e+00,2.001039010353312542e-08
1.406770833333333430e+05,7.995345535426149342e-01,3.897069512192192775e-01,-1.932618522311006087e-02,-8.444494842732995039e+02,-4.137304792735778278e+02,2.061348813483133924e+01,2.356794888127003418e+01,1.860556576905579007e+01,-1.243107402475087886e+00,2.000923770192923867e-08
1.419444444444444380e+05,8.062663751359773201e-01,3.918149825892749405e-01,-1.946059810581095631e-02,-8.518611614227626205e+02,-4.174389274940162977e+02,2.079473151146348897e+01,2.477399929640134246e+01,2.361748694419427252e+01,-1.378261426589952876e+00,2.000814828190885080e-08
1.432118055555555620e+05,8.130838541732428038e-01,3.940061696908241373e-01,-1.959988051507079165e-02,-8.592723686603259239e+02,-4.211471454429242272e+02,2.097596341711611245e+01,2.567884248067234410e+01,2.833775249807765206e+01,-1.496343078873263011e+00,2.000739338528946110e-08
1.444791666666666570e+05,8.199645124627660264e-01,3.962686062441975743e-01,-1.974292995366884462e-02,-8.666831141056311480e+02,-4.248551370581493529e+02,2.115718404982877132e+01,2.636113637020182665e+01,3.280802486288412467e+01,-1.601209659170838906e+00,2.000689017674110706e-08
1.457465277777777810e+05,8.268934855884036983e-01,3.985926763750025081e-01,-1.988898694817300625e-02,-8.740934056692042304e+02,-4.285629061771657575e+02,2.133839360254486195e+01,2.687290450378129592e+01,3.706195408365159949e+01,-1.695518521008871460e+00,2.000655106731201514e-08
1.470138888888888760e+05,8.338604770380766418e-01,4.009706445387036799e-01,-2.003750664295396444e-02,-8.815032510595870008e+02,-4.322704565404602022e+02,2.151959226328525432e+01,2.725019078989256016e+01,4.112661231175779619e+01,-1.781176248323227629e+00,2.000631725091992409e-08
1.482812500000000000e+05,8.408580795113926865e-01,4.033962401574635592e-01,-2.018808473220776861e-02,-8.889126577901660085e+02,-4.359777917947774881e+02,2.170078021531460521e+01,2.751893175247456824e+01,4.502394679494852170e+01,-1.859597752728391118e+00,2.000615198159329850e-08
1.495486111111110949e+05,8.478807956808352975e-01,4.058643231305653076e-01,-2.034041264746180161e-02,-8.963216331857154273e+02,-4.396849154962310990e+02,2.188195763730067256e+01,2.769838202173708552e+01,4.877194996355392931e+01,-1.931863032345140008e+00,2.000603236545542654e-08
1.508159722222222190e+05,8.549244384818421860e-01,4.083706299285739805e-01,-2.049424925867788377e-02,-9.037301843886677943e+02,-4.433918311132858889e+02,2.206312470346702170e+01,2.780321219650202380e+01,5.238554762682410626e+01,-1.998816164499228387e+00,2.000594389922977666e-08
1.520833333333333430e+05,8.619857482768166212e-01,4.109115835509054016e-01,-2.064940232206183626e-02,-9.111383183651256559e+02,-4.470985420296191819e+02,2.224428158373945763e+01,2.784484806038295446e+01,5.587726376868703682e+01,-2.061130203507752334e+00,2.000587718668616525e-08
1.533506944444444380e+05,8.690621396330764359e-01,4.134841509936322268e-01,-2.080571591570883755e-02,-9.185460419106270820e+02,-4.508050515468656272e+02,2.242542844388642820e+01,2.783235639546385443e+01,5.925771914786224670e+01,-2.119351132436019025e+00,2.000582599620844700e-08
1.546180555555555620e+05,8.761515286318294349e-01,4.160857354470691716e-01,-2.096306168635679590e-02,-9.259533616556778952e+02,-4.545113628872525169e+02,2.260656544565376080e+01,2.777304909012971379e+01,6.253600840959368412e+01,-2.173928483222998587e+00,2.000578610066262486e-08
1.558854166666666570e+05,8.832522119301549068e-01,4.187140938696970460e-01,-2.112133259859771961e-02,-9.333602840710601640e+02,-4.582174791961292613e+02,2.278769274689396696e+01,2.767290620930059575e+01,6.571998842821959386e+01,-2.225237202956500848e+00,2.000575457153620737e-08
1.571527777777777810e+05,8.903627800780420376e-01,4.213672732299592605e-01,-2.128043837305533537e-02,-9.407668154729295793e+02,-4.619234035443974449e+02,2.296881050169039540e+01,2.753687923656379155e+01,6.881650134745136427e+01,-2.273593611969214390e+00,2.000572934018675226e-08
1.584201388888888760e+05,8.974820541050542166e-01,4.240435606167269889e-01,-2.144030209257349190e-02,-9.481729620277104686e+02,-4.656291389308452153e+02,2.314991886047646474e+01,2.736911291630327625e+01,7.183154910642785751e+01,-2.319267276107448428e+00,2.000570891912657185e-08
1.596875000000000000e+05,9.046090382816913689e-01,4.267414437671663840e-01,-2.160085763382980570e-02,-9.555787297567981113e+02,-4.693346882843910635e+02,2.333101797015021361e+01,2.717311051457635074e+01,7.477043152442504947e+01,-2.362489991569303172e+00,2.000569222120663956e-08
1.609548611111110949e+05,9.117428843562942475e-01,4.294595795082449818e-01,-2.176204769367544312e-02,-9.629841245410784722e+02,-4.730400544662406332e+02,2.351210797418438503e+01,2.695185893686705469e+01,7.763785670261594873e+01,-2.403462689320567058e+00,2.000567843995606679e-08
1.622222222222222190e+05,9.188828640841919526e-01,4.321967682767058339e-01,-2.192382225149809571e-02,-9.703891521252726307e+02,-4.767452402719610518e+02,2.369318901273226530e+01,2.670792483820345353e+01,8.043803016252046234e+01,-2.442360814246149925e+00,2.000566696890690646e-08
1.634895833333333430e+05,9.260283478485666908e-01,4.349519333577296365e-01,-2.208613735631304378e-02,-9.777938181221139757e+02,-4.804502484334764745e+02,2.387426122272943019e+01,2.644352942332724155e+01,8.317472747776704978e+01,-2.479338568359010786e+00,2.000565734625419174e-08
1.647569444444444380e+05,9.331787878237873812e-01,4.377241038238022242e-01,-2.224895415916110231e-02,-9.851981280163669226e+02,-4.841550816209879144e+02,2.405532473799166837e+01,2.616060735634956202e+01,8.585135396194334589e+01,-2.514532295889597258e+00,2.000564921628109618e-08
1.660243055555555620e+05,9.403337045722440779e-01,4.405124004028347917e-01,-2.241223813323294650e-02,-9.926020871686932878e+02,-4.878597424448215065e+02,2.423637968930916031e+01,2.586085365918975043e+01,8.847099410940698760e+01,-2.548063211678554207e+00,2.000564230206712177e-08
1.672916666666666570e+05,9.474926762687849724e-01,4.433160236860170800e-01,-2.257595843936548857e-02,-1.000005700819373942e+03,-4.915642334572078767e+02,2.441742620453714352e+01,2.554576141793491928e+01,9.103645285126214048e+01,-2.580039621032399033e+00,2.000563638591096069e-08
1.685590277777777810e+05,9.546553299589435326e-01,4.461342442202469449e-01,-2.274008740534065598e-02,-1.007408974091891082e+03,-4.952685571539958573e+02,2.459846440868320627e+01,2.521665237434249462e+01,9.355029021868911343e+01,-2.610558741476835198e+00,2.000563129510596659e-08
1.698263888888888760e+05,9.618213344078377913e-01,4.489663941304942174e-01,-2.290460009516670503e-02,-1.014811911996379536e+03,-4.989727159763033910e+02,2.477949442399134128e+01,2.487470195258546823e+01,9.601485065421465492e+01,-2.639708209731657984e+00,2.000562689148101159e-08
1.710937500000000000e+05,9.689903942051807384e-01,4.518118599933709234e-01,-2.306947395016713254e-02,-1.022214519432949373e+03,-5.026767123121084637e+02,2.496051637002294044e+01,2.452095989157718137e+01,9.843228794594405429e+01,-2.667567337485814427e+00,2.000562306362405550e-08
1.723611111111110949e+05,9.761622448710690625e-01,4.546700767410528643e-01,-2.323468848786430785e-02,-1.029616801194889149e+03,-5.063805484977823426e+02,2.514153036373481598e+01,2.415636737607774620e+01,1.008045865573322288e+02,-2.694208164991290566e+00,2.000561972104016621e-08
1.736284722222222190e+05,9.833366487657200228e-01,4.575405224192065079e-01,-2.340022504774945736e-02,-1.037018761971753065e+03,-5.100842268195683005e+02,2.532253651955442919e+01,2.378177135512637008e+01,1.031335799693881228e+02,-2.719696350634604798e+00,2.000561678972004507e-08
1.748958333333333430e+05,9.905133916500122870e-01,4.604227136570790968e-01,-2.356606657537110849e-02,-1.044420406352336158e+03,-5.137877495150072491e+02,2.550353494945237642e+01,2.339793658353307393e+01,1.054209665314812554e+02,-2.744091926457929542e+00,2.000561420874788170e-08
1.761631944444444380e+05,9.976922797766363260e-01,4.633162017348928519e-01,-2.373219743795573072e-02,-1.051821738827545005e+03,-5.174911187743133496e+02,2.568452576301235624e+01,2.300555580688846646e+01,1.076683232225615541e+02,-2.767449943368791132e+00,2.000561192768272844e-08
1.774305555555555620e+05,1.004873137416763429e+00,4.662205691549177189e-01,-2.389860326614377806e-02,-1.059222763793165541e+03,-5.211943367417010222e+02,2.586550906749860346e+01,2.260525842275601249e+01,1.098771176502985583e+02,-2.789821024987636733e+00,2.000560990452058870e-08
1.786979166666666570e+05,1.012055804746421428e+00,4.691354266394480721e-01,-2.406527081748534302e-02,-1.066623485552534930e+03,-5.248974055166657990e+02,2.604648496792099266e+01,2.219761788324554530e+01,1.120487185567186685e+02,-2.811251845370063673e+00,2.000560810409663490e-08
1.799652777777777810e+05,1.019240136031718036e+00,4.720604104923560307e-01,-2.423218785816923584e-02,-1.074023908319118163e+03,-5.286003271552214073e+02,2.622745356709785014e+01,2.178315805188688969e+01,1.141844050518684099e+02,-2.831785542939521338e+00,2.000560649682352643e-08
1.812326388888888760e+05,1.026425998063716261e+00,4.749951802717027327e-01,-2.439934306011195750e-02,-1.081424036218998253e+03,-5.323031036710931403e+02,2.640841496571659874e+01,2.136235868689061235e+01,1.162853747592265279e+02,-2.851462080682110489e+00,2.000560505768845315e-08
1.825000000000000000e+05,1.033613268802958007e+00,4.779394167296249218e-01,-2.456672591105118347e-02,-1.088823873293278211e+03,-5.360057370368720058e+02,2.658936926239231724e+01,2.093566019075564810e+01,1.183527510260253877e+02,-2.870318560843655664e+00,2.000560376545075697e-08
1.837673611111110949e+05,1.040801836200906161e+00,4.808928199828181871e-01,-2.473432663570159645e-02,-1.096223423500401395e+03,-5.397082291851282889e+02,2.677031655372431018e+01,2.050346774072849954e+01,1.203875893267928916e+02,-2.888389500922925457e+00,2.000560260199624455e-08
1.850347222222222190e+05,1.047991597171378020e+00,4.838551078827455498e-01,-2.490213612636315785e-02,-1.103622690718395006e+03,-5.434105820094889623e+02,2.695125693435072733e+01,2.006615489431742816e+01,1.223908829681119954e+02,-2.905707076592767724e+00,2.000560155181452505e-08
1.863020833333333430e+05,1.055182456689695680e+00,4.868260145594720534e-01,-2.507014588164060281e-02,-1.111021678747034912e+03,-5.471127973656778067e+02,2.713219049700139252e+01,1.962406674777318827e+01,1.243635681859004336e+02,-2.922301336241489356e+00,2.000560060157375315e-08
1.875694444444444380e+05,1.062374327001054386e+00,4.898052891169655254e-01,-2.523834795215106758e-02,-1.118420391309940896e+03,-5.508148770725217673e+02,2.731311733254879925e+01,1.917752271229625549e+01,1.263065287127274132e+02,-2.938200391063059858e+00,2.000559973977277653e-08
1.888368055555555620e+05,1.069567126922639000e+00,4.927926944609801740e-01,-2.540673489227537885e-02,-1.125818832056600513e+03,-5.545168229129244537e+02,2.749403753005747930e+01,1.872681896205494922e+01,1.282205998812431460e+02,-2.953430584000425796e+00,2.000559895645523245e-08
1.901041666666666570e+05,1.076760781226526076e+00,4.957880062433528412e-01,-2.557529971715506723e-02,-1.133217004564325862e+03,-5.582186366348063302e+02,2.767495117683170136e+01,1.827223059938692629e+01,1.301065723202637514e+02,-2.968016640333262846e+00,2.000559824297347037e-08
1.913715277777777810e+05,1.083955220092446936e+00,4.987910119088407868e-01,-2.574403586425834389e-02,-1.140614912340147839e+03,-5.619203199520159160e+02,2.785585835846160663e+01,1.781401357541124852e+01,1.319651952920709448e+02,-2.981981802278010463e+00,2.000559759179277158e-08
1.926388888888888760e+05,1.091150378621166928e+00,5.018015098325290246e-01,-2.591293715893850519e-02,-1.148012558822646270e+03,-5.656218745452101757e+02,2.803675915886785219e+01,1.735240639838991683e+01,1.337971797127785862e+02,-2.995347949616725458e+00,2.000559699632822585e-08
1.939062500000000000e+05,1.098346196400632246e+00,5.048193085374690359e-01,-2.608199778349219039e-02,-1.155409947383723647e+03,-5.693233020627077394e+02,2.821765366034480849e+01,1.688763165730303228e+01,1.356032008919565897e+02,-3.008135708078606196e+00,2.000559645080837567e-08
1.951736111111110949e+05,1.105542617118196791e+00,5.078442259835704853e-01,-2.625121224929460179e-02,-1.162807081330318397e+03,-5.730246041213138142e+02,2.839854194360235695e+01,1.641989738404835109e+01,1.373839010229073949e+02,-3.020364546953139495e+00,2.000559595016072452e-08
1.964409722222222190e+05,1.112739588213201403e+00,5.108760889199417399e-01,-2.642057537164786349e-02,-1.170203963906066519e+03,-5.767257823071196299e+02,2.857942408780636612e+01,1.594939827429200108e+01,1.391398914509153428e+02,-3.032052867208091751e+00,2.000559548991520823e-08
1.977083333333333430e+05,1.119937060564998088e+00,5.139147322938568685e-01,-2.659008224702814893e-02,-1.177600598292908444e+03,-5.804268381762767604e+02,2.876030017061787092e+01,1.547631678416025380e+01,1.408717547433114419e+02,-3.043218081212055726e+00,2.000559506612268789e-08
1.989756944444444380e+05,1.127134988212186384e+00,5.169599987103943306e-01,-2.675972823245922894e-02,-1.184996987612645171e+03,-5.841277732557460922e+02,2.894117026823101924e+01,1.500082411757516709e+01,1.425800465822206604e+02,-3.053876685014399683e+00,2.000559467528565858e-08
2.002430555555555620e+05,1.134333328099409899e+00,5.200117379375042148e-01,-2.692950892677580671e-02,-1.192393134928447807e+03,-5.878285890440253070e+02,2.912203445540982472e+01,1.452308111702121529e+01,1.442652974983050740e+02,-3.064044324010709364e+00,2.000559431429934087e-08
2.015104166666666570e+05,1.141532039848546454e+00,5.230698064519039292e-01,-2.709942015357028750e-02,-1.199789043246316396e+03,-5.915292870118518067e+02,2.930289280552379338e+01,1.404323906882156159e+01,1.459280144616148505e+02,-3.073735852715474781e+00,2.000559398040138167e-08
2.027777777777777810e+05,1.148731085551543352e+00,5.261340670217387050e-01,-2.726945794564276243e-02,-1.207184715516497135e+03,-5.952298686028859720e+02,2.948374539058242050e+01,1.356144043255009812e+01,1.475686823437600594e+02,-3.082965389272839918e+00,2.000559367112871834e-08
2.040451388888888760e+05,1.155930429582499253e+00,5.292043883224146761e-01,-2.743961853079611435e-02,-1.214580154634853898e+03,-5.989303352343717961e+02,2.966459228126864289e+01,1.307781950296620543e+01,1.491877652639694247e+02,-3.091746365258233542e+00,2.000559338428057069e-08
2.053125000000000000e+05,1.163130038426902324e+00,5.322806445824239674e-01,-2.760989831883756823e-02,-1.221975363444197228e+03,-6.026306882977785335e+02,2.984543354697125750e+01,1.259250301179898202e+01,1.507857078301736067e+02,-3.100091571256581524e+00,2.000559311788653495e-08
2.065798611111110949e+05,1.170329880526190802e+00,5.353627152563311675e-01,-2.778029388966429813e-02,-1.229370344735576282e+03,-6.063309291594231354e+02,3.002626925581636996e+01,1.210561067579769379e+01,1.523629362850051052e+02,-3.108013198644894892e+00,2.000559287017907173e-08
2.078472222222222190e+05,1.177529926136025251e+00,5.384504847224049762e-01,-2.795080198232524626e-02,-1.236765101249526651e+03,-6.100310591610725623e+02,3.020709947469787693e+01,1.161725569668204017e+01,1.539198595655206532e+02,-3.115522877956915515e+00,2.000559263956959389e-08
2.091145833333333430e+05,1.184730147196860317e+00,5.415438420026559285e-01,-2.812141948496360219e-02,-1.244159635677285678e+03,-6.137310796205304086e+02,3.038792426930704238e+01,1.112754521794999185e+01,1.554568702845004395e+02,-3.122631714164028072e+00,2.000559242462781022e-08
2.103819444444444380e+05,1.191930517215562535e+00,5.446426805032640317e-01,-2.829214342555526687e-02,-1.251553950661967292e+03,-6.174309918322034036e+02,3.056874370416118580e+01,1.063658074291600997e+01,1.569743456403452910e+02,-3.129350319168823447e+00,2.000559222406365974e-08
2.116493055555555620e+05,1.199131011156975068e+00,5.477468977736079658e-01,-2.846297096336800059e-02,-1.258948048799705930e+03,-6.211307970676541572e+02,3.074955784263151770e+01,1.014445851784510211e+01,1.584726482618580690e+02,-3.135688841774737501e+00,2.000559203671161189e-08
2.129166666666666570e+05,1.206331605344447722e+00,5.508563952822811416e-01,-2.863389938107427368e-02,-1.266341932640763389e+03,-6.248304965761348058e+02,3.093036674697016863e+01,9.651269883606836686e+00,1.599521269935508201e+02,-3.141656995366336691e+00,2.000559186151691544e-08
2.141840277777777810e+05,1.213532277368467804e+00,5.539710782086435525e-01,-2.880492607745793743e-02,-1.273735604690604077e+03,-6.285300915851073569e+02,3.111117047833641180e+01,9.157101598888798932e+00,1.614131176265471197e+02,-3.147264083509592858e+00,2.000559169752357790e-08
2.154513888888888760e+05,1.220733006002615584e+00,5.570908552486077969e-01,-2.897604856066131329e-02,-1.281129067410940706e+03,-6.322295833007482315e+02,3.129196909682212180e+01,8.662036137672773251e+00,1.628559435796454977e+02,-3.152519023659292596e+00,2.000559154386375115e-08
2.167187500000000000e+05,1.227933771126164642e+00,5.602156384334828765e-01,-2.914726444192474591e-02,-1.288522323220746557e+03,-6.359289729084373448e+02,3.147276266147649793e+01,8.166151963382594303e+00,1.642809165346612872e+02,-3.157430369141217330e+00,2.000559139974846039e-08
2.179861111111110949e+05,1.235134553652703193e+00,5.633453429608097363e-01,-2.931857142977566805e-02,-1.295915374497242055e+03,-6.396282615732349086e+02,3.165355123033007345e+01,7.669523781854270084e+00,1.656883370297665294e+02,-3.162006329559516438e+00,2.000559126445938860e-08
2.192534722222222190e+05,1.242335335464237023e+00,5.664798870362270922e-01,-2.948996732462857290e-02,-1.303308223576850423e+03,-6.433274504403430001e+02,3.183433486041804628e+01,7.172222775051789512e+00,1.670784950141946581e+02,-3.166254789764487043e+00,2.000559113734165688e-08
2.205208333333333430e+05,1.249536099350273988e+00,5.696191917255046810e-01,-2.966145001376102597e-02,-1.310700872756126273e+03,-6.470265406355555342e+02,3.201511360780293813e+01,6.674316817251805922e+00,1.684516703673600375e+02,-3.170183327502504866e+00,2.000559101779737248e-08
2.217881944444444380e+05,1.256736828951457108e+00,5.727631808159361348e-01,-2.983301746663447745e-02,-1.318093324292660100e+03,-6.507255332656941391e+02,3.219588752759659656e+01,6.175870675243626096e+00,1.698081333851613692e+02,-3.173799229857904525e+00,2.000559090527998077e-08
2.230555555555555620e+05,1.263937508707340784e+00,5.759117806863873756e-01,-3.000466773053143271e-02,-1.325485580405954124e+03,-6.544244294190332312e+02,3.237665667398161418e+01,5.676946193934549356e+00,1.711481452359854245e+02,-3.177109508585993947e+00,2.000559079928921283e-08
2.243229166666666570e+05,1.271138123807963538e+00,5.790649201853415029e-01,-3.017639892648339359e-02,-1.332877643278276537e+03,-6.581232301657119024e+02,3.255742110023211211e+01,5.177602468612033881e+00,1.724719583887021770e+02,-3.180120914426930678e+00,2.000559069936659224e-08
2.255902777777777810e+05,1.278338660148884198e+00,5.822225305163384323e-01,-3.034820924546638779e-02,-1.340269515055489819e+03,-6.618219365581355760e+02,3.273818085873396200e+01,4.677896004991096923e+00,1.737798170147391374e+02,-3.182839950481754165e+00,2.000559060509145132e-08
2.268576388888888760e+05,1.285539104289401768e+00,5.853845451302732705e-01,-3.052009694484290186e-02,-1.347661197847857466e+03,-6.655205496313661797e+02,3.291893600100445383e+01,4.177880868065951603e+00,1.750719573661405377e+02,-3.185272884724348774e+00,2.000559051607731807e-08
2.281250000000000000e+05,1.292739443413686962e+00,5.885508996240487178e-01,-3.069206034503121211e-02,-1.355052693730827741e+03,-6.692190704035009503e+02,3.309968657771139533e+01,3.677608820687387592e+00,1.763486081313529041e+02,-3.187425761716353723e+00,2.000559043196878275e-08
2.293923611111110949e+05,1.299939665294594704e+00,5.917215316451320817e-01,-3.086409782638465868e-02,-1.362444004745795610e+03,-6.729174998760423705e+02,3.328043263869174240e+01,3.177129452700414802e+00,1.776099907703308531e+02,-3.189304413586008469e+00,2.000559035243859616e-08
2.306597222222222190e+05,1.307139758259937556e+00,5.948963808015947929e-01,-3.103620782626482708e-02,-1.369835132900845792e+03,-6.766158390342566236e+02,3.346117423296961846e+01,2.676490301398947835e+00,1.788563198304229047e+02,-3.190914470326497554e+00,2.000559027718514841e-08
2.319270833333333430e+05,1.314339711161026214e+00,5.980753885772569500e-01,-3.120838883629450944e-02,-1.377226080171472859e+03,-6.803140888475235215e+02,3.364191140877399278e+01,2.175736963984719274e+00,1.800878032443761754e+02,-3.192261369464476584e+00,2.000559020593012300e-08
2.331944444444444380e+05,1.321539513343298555e+00,6.012584982515800647e-01,-3.138063939977688704e-02,-1.384616848501284494e+03,-6.840122502696760876e+02,3.382264421355576189e+01,1.674913202655228250e+00,1.813046426116902410e+02,-3.193350365145076974e+00,2.000559013841648513e-08
2.344618055555555620e+05,1.328739154618874707e+00,6.044456548239891536e-01,-3.155295810926897482e-02,-1.392007439802684758e+03,-6.877103242393318396e+02,3.400337269400441187e+01,1.174061042889520401e+00,1.825070334644501600e+02,-3.194186536675735599e+00,2.000559007440657257e-08
2.357291666666666570e+05,1.335938625240891575e+00,6.076368049423279682e-01,-3.172534360429840605e-02,-1.399397855957537786e+03,-6.914083116802155473e+02,3.418409689606424706e+01,6.732208654502480627e-01,1.836951655186796586e+02,-3.194774796567604991e+00,2.000559001368044131e-08
2.369965277777777810e+05,1.343137915879481614e+00,6.108318968351675871e-01,-3.189779456921305878e-02,-1.406788098817817627e+03,-6.951062135014718706e+02,3.436481686495018550e+01,1.724314925751297967e-01,1.848692229121725461e+02,-3.195119898110086343e+00,2.000558995603434354e-08
2.382638888888888760e+05,1.350337017599273493e+00,6.140308802477227879e-01,-3.207030973115466282e-02,-1.414178170206236246e+03,-6.988040305979722007e+02,3.454553264516313504e+01,-3.282697312099400744e-01,1.860293844296870986e+02,-3.195226442511095666e+00,2.000558990127937435e-08
2.395312500000000000e+05,1.357535921838298520e+00,6.172337063811406122e-01,-3.224288785814740516e-02,-1.421568071916859253e+03,-7.025017638506108142e+02,3.472624428050494316e+01,-8.288468632607737252e-01,1.871758237163193428e+02,-3.195098885633022689e+00,2.000558984924021117e-08
2.407986111111110949e+05,1.364734620388206920e+00,6.204403278349392981e-01,-3.241552775729397706e-02,-1.428957805715702307e+03,-7.061994141265961389e+02,3.490695181409300574e+01,-1.329265291605731036e+00,1.883087094798098917e+02,-3.194741544351935580e+00,2.000558979975399868e-08
2.420659722222222190e+05,1.371933105375692241e+00,6.236506985524141733e-01,-3.258822827307167325e-02,-1.436347373341314324e+03,-7.098969822797321285e+02,3.508765528837444947e+01,-1.829491668025680084e+00,1.894282056824817175e+02,-3.194158602565404959e+00,2.000558975266935620e-08
2.433333333333333139e+05,1.379131369245042205e+00,6.268647737688062271e-01,-3.276098828572190924e-02,-1.443736776505344778e+03,-7.135944691506934987e+02,3.526835474513997326e+01,-2.329493845118565165e+00,1.905344717234556811e+02,-3.193354116872319182e+00,2.000558970784540495e-08
2.446006944444444380e+05,1.386329404741734050e+00,6.300825099620781522e-01,-3.293380670972700930e-02,-1.451126016893095311e+03,-7.172918755672944826e+02,3.544905022553732721e+01,-2.829240817068862768e+00,1.916276626117421529e+02,-3.192332021946265641e+00,2.000558966515096402e-08
2.458680555555555620e+05,1.393527204897001548e+00,6.333038648061311005e-01,-3.310668249236855404e-02,-1.458515096164059742e+03,-7.209892023447492875e+02,3.562974177008445054e+01,-3.328702663864752775e+00,1.927079291307646542e+02,-3.191096135622390584e+00,2.000558962446378603e-08
2.471354166666666570e+05,1.400724763013307728e+00,6.365287971263178246e-01,-3.327961461236210450e-02,-1.465904015952447025e+03,-7.246864502859273216e+02,3.581042941868226848e+01,-3.827850498726283135e+00,1.937754179948306614e+02,-3.189650163716145848e+00,2.000558958566983255e-08
2.484027777777777810e+05,1.407922072650660716e+00,6.397572668571138710e-01,-3.345260207856330659e-02,-1.473292777867694895e+03,-7.283836201816009179e+02,3.599111321062717650e+01,-4.326656418526466652e+00,1.948302719980295024e+02,-3.187997704590959103e+00,2.000558954866266530e-08
2.496701388888888760e+05,1.415119127613713834e+00,6.429892350018200364e-01,-3.362564392874103220e-02,-1.480681383494967577e+03,-7.320807128106880555e+02,3.617179318462319770e+01,-4.825093457004222763e+00,1.958726301560028844e+02,-3.186142253490586107e+00,2.000558951334285386e-08
2.509375000000000000e+05,1.422315921939600436e+00,6.462246635941808481e-01,-3.379873922841331729e-02,-1.488069834395640783e+03,-7.357777289404878047e+02,3.635246937879384177e+01,-5.323135540583582070e+00,1.969026278410024133e+02,-3.184087206650774160e+00,2.000558947961745620e-08
2.522048611111110949e+05,1.429512449886453096e+00,6.494635156618016048e-01,-3.397188706974220429e-02,-1.495458132107778283e+03,-7.394746693269107709e+02,3.653314183069366550e+01,-5.820757446627697895e+00,1.979203969106214913e+02,-3.181835865203782365e+00,2.000558944739950919e-08
2.534722222222222190e+05,1.436708705922560059e+00,6.527057551912691657e-01,-3.414508657048392903e-02,-1.502846278146591658e+03,-7.431715347147036255e+02,3.671381057731956332e+01,-6.317934763969168976e+00,1.989260658305609297e+02,-3.179391438888357069e+00,2.000558941660760832e-08
2.547395833333333139e+05,1.443904684716124098e+00,6.559513470948745706e-01,-3.431833687299114255e-02,-1.510234274004893450e+03,-7.468683258376677259e+02,3.689447565512173099e+01,-6.814643855569975983e+00,1.999197597917652445e+02,-3.176757049576846015e+00,2.000558938716551069e-08
2.560069444444444380e+05,1.451100381125574268e+00,6.592002571788513343e-01,-3.449163714326401731e-02,-1.517622121153534636e+03,-7.505650434188734152e+02,3.707513710001444451e+01,-7.310861823175201835e+00,2.009016008222427558e+02,-3.173935734630338956e+00,2.000558935900171152e-08
2.572743055555555620e+05,1.458295790190409669e+00,6.624524521130437105e-01,-3.466498657004735834e-02,-1.525009821041835949e+03,-7.542616881708676146e+02,3.725579494738649089e+01,-7.806566473834608111e+00,2.018717078938633733e+02,-3.170930450091945740e+00,2.000558933204915292e-08
2.585416666666666570e+05,1.465490907122524833e+00,6.657078994019285378e-01,-3.483838436397110327e-02,-1.532397375098005114e+03,-7.579582607958781182e+02,3.743644923211138575e+01,-8.301736288175272094e+00,2.028301970244076813e+02,-3.167744073727644771e+00,2.000558930624488975e-08
2.598090277777777810e+05,1.472685727298002067e+00,6.689665673569165083e-01,-3.501182975673157449e-02,-1.539784784729544981e+03,-7.616547619860111809e+02,3.761709998855734227e+01,-8.796350390316860057e+00,2.037771813751246555e+02,-3.164379407923485932e+00,2.000558928152978522e-08
2.610763888888888760e+05,1.479880246249332121e+00,6.722284250698620234e-01,-3.518532200031126989e-02,-1.547172051323654159e+03,-7.653511924234462640e+02,3.779774725059699136e+01,-9.290388519328775629e+00,2.047127713440371508e+02,-3.160839182447344964e+00,2.000558925784828588e-08
2.623437500000000000e+05,1.487074459658039638e+00,6.754934423877241301e-01,-3.535886036623501344e-02,-1.554559176247613550e+03,-7.690475527806244145e+02,3.797839105161688877e+01,-9.783831002135539023e+00,2.056370746552214541e+02,-3.157126057082875636e+00,2.000558923514810730e-08
2.636111111111111240e+05,1.494268363347688977e+00,6.787615898883083698e-01,-3.553244414486018965e-02,-1.561946160849168109e+03,-7.727438437204330057e+02,3.815903142452675212e+01,-1.027665872778323219e+01,2.065501964442710516e+02,-3.153242624142814421e+00,2.000558921338009509e-08
2.648784722222221899e+05,1.501461953277248851e+00,6.820328388570437994e-01,-3.570607264469964626e-02,-1.569333006456897010e+03,-7.764400658963864998e+02,3.833966840176852742e+01,-1.076885312298587571e+01,2.074522393401432225e+02,-3.149191410868307006e+00,2.000558919249792052e-08
2.661458333333333139e+05,1.508655225534791144e+00,6.853071612647341215e-01,-3.587974519177493382e-02,-1.576719714380574942e+03,-7.801362199528019801e+02,3.852030201532522824e+01,-1.126039612887612940e+01,2.083433035435737395e+02,-3.144974881720512982e+00,2.000558917245798788e-08
2.674131944444444380e+05,1.515848176331506592e+00,6.885845297462354075e-01,-3.605346112899855682e-02,-1.584106285911527493e+03,-7.838323065249715000e+02,3.870093229672953328e+01,-1.175127017888980419e+01,2.092234869022349528e+02,-3.140595440570333352e+00,2.000558915321915980e-08
2.686805555555555620e+05,1.523040801996016658e+00,6.918649175800160034e-01,-3.622721981558361948e-02,-1.591492722322973805e+03,-7.875283262393295445e+02,3.888155927707222759e+01,-1.224145817771841038e+01,2.100928849828010812e+02,-3.136055432791741371e+00,2.000558913474264814e-08
2.699479166666666861e+05,1.530233098968967198e+00,6.951482986685515453e-01,-3.640102062647936065e-02,-1.598879024870366266e+03,-7.912242797136177614e+02,3.906218298701042357e+01,-1.273094348126836017e+01,2.109515911400748394e+02,-3.131357147263848173e+00,2.000558911699186174e-08
2.712152777777777519e+05,1.537425063797885239e+00,6.984346475195160053e-01,-3.657486295183121072e-02,-1.606265194791717931e+03,-7.949201675570444650e+02,3.924280345677560433e+01,-1.321970987756938598e+01,2.117996965833212073e+02,-3.126502818286522434e+00,2.000558909993224099e-08
2.724826388888888760e+05,1.544616693132284224e+00,7.017239392277268006e-01,-3.674874619646403134e-02,-1.613651233307925850e+03,-7.986159903704415228e+02,3.942342071618146093e+01,-1.370774156857859616e+01,2.126372904399448487e+02,-3.121494627414080014e+00,2.000558908353115196e-08
2.737500000000000000e+05,1.551807983719004636e+00,7.050161494578091048e-01,-3.692266977938753192e-02,-1.621037141623084608e+03,-8.023117487464178339e+02,3.960403479463157339e+01,-1.419502315282993088e+01,2.134644598166400442e+02,-3.116334705211284639e+00,2.000558906775772096e-08
2.750173611111111240e+05,1.558998932397774428e+00,7.083112544275482758e-01,-3.709663313332244028e-02,-1.628422920924793061e+03,-8.060074432695079167e+02,3.978464572112689979e+01,-1.468153960888210996e+01,2.142812898581346701e+02,-3.111025132935652415e+00,2.000558905258278160e-08
2.762847222222221899e+05,1.566189536096981305e+00,7.116092308918886555e-01,-3.727063570424660188e-02,-1.635808572384456056e+03,-8.097030745163190204e+02,3.996525352427309485e+01,-1.516727627952102075e+01,2.150878638036429606e+02,-3.105567944149801640e+00,2.000558903797873252e-08
2.775520833333333139e+05,1.573379791829639940e+00,7.149100561275567589e-01,-3.744467695095990423e-02,-1.643194097157576152e+03,-8.133986430556730056e+02,4.014585823228768646e+01,-1.565221885667535773e+01,2.158842630411349433e+02,-3.099965126267374416e+00,2.000558902391944144e-08
2.788194444444444380e+05,1.580569696689545722e+00,7.182137079182755457e-01,-3.761875634466700646e-02,-1.650579496384041704e+03,-8.170941494487470891e+02,4.032645987300704604e+01,-1.613635336700684775e+01,2.166705671595250351e+02,-3.094218622035854072e+00,2.000558901038016241e-08
2.800868055555555620e+05,1.587759247847605915e+00,7.215201645405435738e-01,-3.779287336857717339e-02,-1.657964771188406530e+03,-8.207895942492092445e+02,4.050705847389325243e+01,-1.661966615813876302e+01,2.174468539988756959e+02,-3.088330330959391912e+00,2.000558899733744320e-08
2.813541666666666861e+05,1.594948442548338008e+00,7.248294047499510562e-01,-3.796702751752021460e-02,-1.665349922680163445e+03,-8.244849780033523530e+02,4.068765406204077095e+01,-1.710214388548871867e+01,2.182131996987079106e+02,-3.082302110664597361e+00,2.000558898476904922e-08
2.826215277777777519e+05,1.602137278106524620e+00,7.281414077680103958e-01,-3.814121829757779331e-02,-1.672734951954013923e+03,-8.281803012502248293e+02,4.086824666418299046e+01,-1.758377349967368986e+01,2.189696787445043640e+02,-3.076135778212060856e+00,2.000558897265392374e-08
2.838888888888888760e+05,1.609325751904018054e+00,7.314561532694794366e-01,-3.831544522572935541e-02,-1.680119860090128213e+03,-8.318755645217577239e+02,4.104883630669860395e+01,-1.806454223445730634e+01,2.197163640124868209e+02,-3.069833111356228272e+00,2.000558896097205561e-08
2.851562500000000000e+05,1.616513861386685402e+00,7.347736213701485664e-01,-3.848970782951202652e-02,-1.687504648154403185e+03,-8.355707683428901191e+02,4.122942301561788980e+01,-1.854443759521101498e+01,2.204533268127451322e+02,-3.063395849756098244e+00,2.000558894970447262e-08
2.864236111111111240e+05,1.623701604061491333e+00,7.380937926150807904e-01,-3.866400564669372764e-02,-1.694889317198711524e+03,-8.392659132316907744e+02,4.141000681662879401e+01,-1.902344734786263913e+01,2.211806369307908540e+02,-3.056825696139074733e+00,2.000558893883313893e-08
2.876909722222221899e+05,1.630888977493701653e+00,7.414166479672761323e-01,-3.883833822495893345e-02,-1.702273868261148209e+03,-8.429609996994780658e+02,4.159058773508294138e+01,-1.950155950830723484e+01,2.218983626676049141e+02,-3.050124317420176201e+00,2.000558892834091865e-08
2.889583333333333139e+05,1.638075979304212559e+00,7.447421687967477055e-01,-3.901270512160648352e-02,-1.709658302366269481e+03,-8.466560282509365152e+02,4.177116579600146196e+01,-1.997876233225666454e+01,2.226065708782444403e+02,-3.043293345778684600e+00,2.000558891821155934e-08
2.902256944444444380e+05,1.645262607166992241e+00,7.480703368699865852e-01,-3.918710590325885645e-02,-1.717042620525327266e+03,-8.503509993842311587e+02,4.195174102408072514e+01,-2.045504430550571229e+01,2.233053270090717319e+02,-3.036334379694204610e+00,2.000558890842957288e-08
2.914930555555555620e+05,1.652448858806629284e+00,7.514011343398045994e-01,-3.936154014558242847e-02,-1.724426823736499955e+03,-8.540459135911199837e+02,4.213231344369795295e+01,-2.093039413459377585e+01,2.239946951336639529e+02,-3.029248984943993861e+00,2.000558889898025199e-08
2.927604166666666861e+05,1.659634731995984991e+00,7.547345437355341691e-01,-3.953600743301817488e-02,-1.731810912985115010e+03,-8.577407713570624992e+02,4.231288307891668410e+01,-2.140480073784233284e+01,2.246747379874597357e+02,-3.022038695563325383e+00,2.000558888984957100e-08
2.940277777777777519e+05,1.666820224553945406e+00,7.580705479535718716e-01,-3.971050735852230118e-02,-1.739194889243870875e+03,-8.614355731613278522e+02,4.249344995349213860e+01,-2.187825323674963229e+01,2.253455170011958728e+02,-3.014705014770559188e+00,2.000558888102420899e-08
2.952951388888888760e+05,1.674005334343260820e+00,7.614091302482515200e-01,-3.988503952331648450e-02,-1.746578753473051165e+03,-8.651303194770988512e+02,4.267401409087647579e+01,-2.235074094772494391e+01,2.260070923331846870e+02,-3.007249415858494146e+00,2.000558887249146047e-08
2.965625000000000000e+05,1.681190059268478532e+00,7.647502742230323225e-01,-4.005960353664715645e-02,-1.753962506620734530e+03,-8.688250107715757622e+02,4.285457551422392442e+01,-2.282225337414572763e+01,2.266595229004802547e+02,-2.999673343053505636e+00,2.000558886423922875e-08
2.978298611111111240e+05,1.688374397273954886e+00,7.680939638219910215e-01,-4.023419901555352896e-02,-1.761346149623002020e+03,-8.725196475060756711e+02,4.303513424639582041e+01,-2.329278019872207750e+01,2.273028664089786730e+02,-2.991978212343887833e+00,2.000558885625598623e-08
2.990972222222221899e+05,1.695558346341951017e+00,7.714401833216024684e-01,-4.040882558464386348e-02,-1.768729683404137859e+03,-8.762142301361316186e+02,4.321569030996552385e+01,-2.376231127615351468e+01,2.279371793824964811e+02,-2.984165412278749319e+00,2.000558884853074135e-08
3.003645833333333139e+05,1.702741904490799651e+00,7.747889173228004189e-01,-4.058348287587981718e-02,-1.776113108876827937e+03,-8.799087591115890064e+02,4.339624372722323642e+01,-2.423083662606412148e+01,2.285625171908679647e+02,-2.976236304738738347e+00,2.000558884105301538e-08
3.016319444444444380e+05,1.709925069773147177e+00,7.781401507433027831e-01,-4.075817052836827603e-02,-1.783496426942352173e+03,-8.836032348766995028e+02,4.357679452018072652e+01,-2.469834642620272547e+01,2.291789340771010757e+02,-2.968192225679820329e+00,2.000558883381278951e-08
3.028993055555555620e+05,1.717107840274262553e+00,7.814938688101973341e-01,-4.093288818816052943e-02,-1.790879638490774823e+03,-8.872976578702140387e+02,4.375734271057596203e+01,-2.516483100589547561e+01,2.297864831836290307e+02,-2.960034485851247510e+00,2.000558882680053792e-08
3.041666666666666861e+05,1.724290214110411057e+00,7.848500570527705555e-01,-4.110763550805841826e-02,-1.798262744401129794e+03,-8.909920285254726195e+02,4.393788831987760091e+01,-2.563028083973898319e+01,2.303852165776935692e+02,-2.951764371488830641e+00,2.000558882000712523e-08
3.054340277777777519e+05,1.731472189427290864e+00,7.882087012955747429e-01,-4.128241214742716519e-02,-1.805645745541601400e+03,-8.946863472704940250e+02,4.411843136928947473e+01,-2.609468654152267675e+01,2.309751852758937503e+02,-2.943383144984544675e+00,2.000558881342386605e-08
3.067013888888888760e+05,1.738653764398527812e+00,7.915697876517238107e-01,-4.145721777201451935e-02,-1.813028642769703993e+03,-8.983806145280615283e+02,4.429897187975488748e+01,-2.655803885836963829e+01,2.315564392679326602e+02,-2.934892045533462390e+00,2.000558880704243232e-08
3.079687500000000000e+05,1.745834937224226557e+00,7.949333025164035949e-01,-4.163205205377615292e-02,-1.820411436932454535e+03,-9.020748307158089574e+02,4.447950987196090011e+01,-2.702032866508580966e+01,2.321290275395926983e+02,-2.926292289758961385e+00,2.000558880085487649e-08
3.092361111111111240e+05,1.753015706129573914e+00,7.982992325605988704e-01,-4.180691467070685174e-02,-1.827794128866544497e+03,-9.057689962463033453e+02,4.466004536634248012e+01,-2.748154695870792708e+01,2.326929980949693118e+02,-2.917585072317093964e+00,2.000558879485360836e-08
3.105034722222221899e+05,1.760196069363496374e+00,8.016675647250168790e-01,-4.198180530667731947e-02,-1.835176719398506975e+03,-9.094631115271268982e+02,4.484057838308658006e+01,-2.794168485324097162e+01,2.332483979779910328e+02,-2.908771566480981008e+00,2.000558878903133880e-08
3.117708333333333139e+05,1.767376025197362255e+00,8.050382862142102525e-01,-4.215672365127647037e-02,-1.842559209344879946e+03,-9.131571769609573721e+02,4.502110894213615921e+01,-2.840073357457653458e+01,2.337952732932524782e+02,-2.899852924706036728e+00,2.000558878338114597e-08
3.130381944444444380e+05,1.774555571923731367e+00,8.084113844908831226e-01,-4.233166939965880837e-02,-1.849941599512367929e+03,-9.168511929456458347e+02,4.520163706319408448e+01,-2.885868445558380913e+01,2.343336692261862026e+02,-2.890830279176804574e+00,2.000558877789634955e-08
3.143055555555555620e+05,1.781734707855151534e+00,8.117868472703824168e-01,-4.250664225239682986e-02,-1.857323890697998422e+03,-9.205451598742943133e+02,4.538216276572697438e+01,-2.931552893136531424e+01,2.348636300625977640e+02,-2.881704742336136604e+00,2.000558877257060012e-08
3.155729166666666861e+05,1.788913431322990855e+00,8.151646625153587955e-01,-4.268164191533818652e-02,-1.864706083689276966e+03,-9.242390781353303737e+02,4.556268606896897921e+01,-2.977125853466997896e+01,2.353851992075873909e+02,-2.872477407397425964e+00,2.000558876739779307e-08
3.168402777777777519e+05,1.796091740676317494e+00,8.185448184305987862e-01,-4.285666809946744871e-02,-1.872088179264337441e+03,-9.279329481125816983e+02,4.574320699192544737e+01,-3.022586489145645672e+01,2.358984192038801950e+02,-2.863149348840560382e+00,2.000558876237207528e-08
3.181076388888888760e+05,1.803269634280811662e+00,8.219273034580136805e-01,-4.303172052077219867e-02,-1.879470178192091453e+03,-9.316267701853479366e+02,4.592372555337655626e+01,-3.067933971659986980e+01,2.364033317495870676e+02,-2.853721622892234855e+00,2.000558875748787155e-08
3.193750000000000000e+05,1.810447110517716673e+00,8.253121062717916345e-01,-4.320679890011347446e-02,-1.886852081232372939e+03,-9.353205447284719867e+02,4.610424177188086503e+01,-3.113167480973563528e+01,2.368999777154157584e+02,-2.844195267991241671e+00,2.000558875273980851e-08
3.206423611111111240e+05,1.817624167782824429e+00,8.286992157736916553e-01,-4.338190296310015515e-02,-1.894233889136080052e+03,-9.390142721124097989e+02,4.628475566577877487e+01,-3.158286205123424040e+01,2.373883971613524011e+02,-2.834571305239315109e+00,2.000558874812272787e-08
3.219097222222221899e+05,1.824800804485493977e+00,8.320886210884874679e-01,-4.355703243996731505e-02,-1.901615602645316358e+03,-9.427079527032979058e+02,4.646526725319594675e+01,-3.203289339830105575e+01,2.378686293528315616e+02,-2.824850738838089903e+00,2.000558874363172609e-08
3.231770833333333139e+05,1.831977019047701383e+00,8.354803115595506036e-01,-4.373218706545832501e-02,-1.908997222493526124e+03,-9.464015868630215209e+02,4.664577655204664097e+01,-3.248176088119571858e+01,2.383407127764130848e+02,-2.815034556512709063e+00,2.000558873926206179e-08
3.244444444444444380e+05,1.839152809903119357e+00,8.388742767445667159e-01,-4.390736657871056187e-02,-1.916378749405629833e+03,-9.500951749492787712e+02,4.682628358003699987e+01,-3.292945659956578197e+01,2.388046851549826783e+02,-2.805123729922584186e+00,2.000558873500919870e-08
3.257118055555555620e+05,1.846328175496226853e+00,8.422705064113826801e-01,-4.408257072314457348e-02,-1.923760184098155378e+03,-9.537887173156462950e+02,4.700678835466825944e+01,-3.337597271888951411e+01,2.392605834624927184e+02,-2.795119215059800322e+00,2.000558873086876599e-08
3.269791666666666861e+05,1.853503114281444430e+00,8.456689905339818125e-01,-4.425779924635657447e-02,-1.931141527279366528e+03,-9.574822143116416555e+02,4.718729089323989712e+01,-3.382130146702301943e+01,2.397084439382585686e+02,-2.785021952635626796e+00,2.000558872683661454e-08
3.282465277777777519e+05,1.860677624722297807e+00,8.490697192885774403e-01,-4.443305190001424487e-02,-1.938522779649391396e+03,-9.611756662827855280e+02,4.736779121285271543e+01,-3.426543513084723003e+01,2.401483021008261005e+02,-2.774832868455582968e+00,2.000558872290869777e-08
3.295138888888888760e+05,1.867851705290604292e+00,8.524726830498241537e-01,-4.460832843975548467e-02,-1.945903941900344535e+03,-9.648690735706625219e+02,4.754828933041189032e+01,-3.470836605301013122e+01,2.405801927614243425e+02,-2.764552873783477249e+00,2.000558871908118418e-08
3.307812500000000000e+05,1.875025354465684080e+00,8.558778723871462990e-01,-4.478362862509027709e-02,-1.953285014716451087e+03,-9.685624365129804119e+02,4.772878526262995535e+01,-3.515008662876017098e+01,2.410041500370169274e+02,-2.754182865694839943e+00,2.000558871535035478e-08
3.320486111111111240e+05,1.882198570733594201e+00,8.592852780611714980e-01,-4.495895221930529262e-02,-1.960665998774163654e+03,-9.722557554436293685e+02,4.790927902602968658e+01,-3.559058930286685296e+01,2.414202073629661243e+02,-2.743723727420126934e+00,2.000558871171265598e-08
3.333159722222221899e+05,1.889371352586385111e+00,8.626948910202731913e-01,-4.513429898937142137e-02,-1.968046894742282575e+03,-9.759490306927384609e+02,4.808977063694699439e+01,-3.602986656662456255e+01,2.418283975053216466e+02,-2.733176328678076139e+00,2.000558870816466326e-08
3.345833333333333139e+05,1.896543698521374166e+00,8.661067023972148782e-01,-4.530966870585378947e-02,-1.975427703282068933e+03,-9.796422625867326133e+02,4.827026011153372309e+01,-3.646791095493598078e+01,2.422287525727466857e+02,-2.722541525999572887e+00,2.000558870470307453e-08
3.358506944444444380e+05,1.903715607040444402e+00,8.695207035058949430e-01,-4.548506114282445389e-02,-1.982808425047358014e+03,-9.833354514483875164e+02,4.845074746576040781e+01,-3.690471504347169684e+01,2.426213040280925384e+02,-2.711820163042368836e+00,2.000558870132474317e-08
3.371180555555555620e+05,1.910887076649357308e+00,8.729368858381842955e-01,-4.566047607777756756e-02,-1.990189060684671176e+03,-9.870285975968839693e+02,4.863123271541897452e+01,-3.734027144590242386e+01,2.430060826996334242e+02,-2.701013070896978174e+00,2.000558869802662187e-08
3.383854166666666861e+05,1.918058105857086026e+00,8.763552410608632659e-01,-4.583591329154683425e-02,-1.997569610833322486e+03,-9.907217013478613126e+02,4.881171587612541884e+01,-3.777457281120075550e+01,2.433831187919718957e+02,-2.690121068384077496e+00,2.000558869480577578e-08
3.396527777777777519e+05,1.925228693175165207e+00,8.797757610126415440e-01,-4.601137256822539212e-02,-2.004950076125528085e+03,-9.944147630134691553e+02,4.899219696332238527e+01,-3.820761182100936537e+01,2.437524418966254984e+02,-2.679144962343702030e+00,2.000558869165938918e-08
3.409201388888888760e+05,1.932398837117055512e+00,8.831984377012722653e-01,-4.618685369508777894e-02,-2.012330457186509193e+03,-9.981077829024193306e+02,4.917267599228173225e+01,-3.863938118707257985e+01,2.441140810023040615e+02,-2.668085547916533518e+00,2.000558868858474230e-08
3.421875000000000000e+05,1.939568536197527227e+00,8.866232633007442576e-01,-4.636235646251415238e-02,-2.019710754634595105e+03,-1.001800761320035349e+03,4.935315297810704749e+01,-3.906987364872853163e+01,2.444680645048877068e+02,-2.656943608817558200e+00,2.000558868557923779e-08
3.434548611111111240e+05,1.946737788932054070e+00,8.900502301485633261e-01,-4.653788066391649492e-02,-2.027090969081325511e+03,-1.005493698568303103e+03,4.953362793573611356e+01,-3.949908197045922265e+01,2.448144202171143888e+02,-2.645719917602363580e+00,2.000558868264035110e-08
3.447222222222221899e+05,1.953906593836223893e+00,8.934793307431079246e-01,-4.671342609566683790e-02,-2.034471101131547584e+03,-1.009186594945918046e+03,4.971410087994333082e+01,-3.992699893949579604e+01,2.451531753779859173e+02,-2.634415235926327981e+00,2.000558867976566025e-08
3.459895833333333139e+05,1.961074949425164027e+00,8.969105577410638741e-01,-4.688899255702735913e-02,-2.041851151383515571e+03,-1.012879450748333625e+03,4.989457182534207647e+01,-4.035361736347645234e+01,2.454843566619004491e+02,-2.623030314796956919e+00,2.000558867695282595e-08
3.472569444444444380e+05,1.968242854212973514e+00,9.003439039549336886e-01,-4.706457985008243028e-02,-2.049231120428984013e+03,-1.016572266267808118e+03,5.007504078638706346e+01,-4.077893006815479282e+01,2.458079901875202893e+02,-2.611565894819594558e+00,2.000558867419960161e-08
3.485243055555555620e+05,1.975410306712175101e+00,9.037793623506207297e-01,-4.724018777967232963e-02,-2.056611008853304611e+03,-1.020265041793449882e+03,5.025550777737660013e+01,-4.120292989515598236e+01,2.461241015263822476e+02,-2.600022706436746933e+00,2.000558867150382330e-08
3.497916666666666861e+05,1.982577305433172121e+00,9.072169260450808626e-01,-4.741581615332879363e-02,-2.063990817235513987e+03,-1.023957777611263509e+03,5.043597281245487096e+01,-4.162560969977872105e+01,2.464327157112579982e+02,-2.588401470161231899e+00,2.000558866886339330e-08
3.510590277777777519e+05,1.989743848883722244e+00,9.106565883040431686e-01,-4.759146478121213664e-02,-2.071370546148429185e+03,-1.027650474004193029e+03,5.061643590561412509e+01,-4.204696234884070094e+01,2.467338572442720306e+02,-2.576702896803368059e+00,2.000558866627630322e-08
3.523263888888888760e+05,1.996909935568413008e+00,9.140983425398014894e-01,-4.776713347605000826e-02,-2.078750196158732706e+03,-1.031343131252166586e+03,5.079689707069684346e+01,-4.246698071856565093e+01,2.470275501047838702e+02,-2.564927687692404756e+00,2.000558866374060752e-08
3.535937500000000000e+05,2.004075563988158670e+00,9.175421823090634810e-01,-4.794282205307780903e-02,-2.086129767827062551e+03,-1.035035749632138049e+03,5.097735632139789885e+01,-4.288565769250975279e+01,2.473138177570411358e+02,-2.553076534892395166e+00,2.000558866125442685e-08
3.548611111111111240e+05,2.011240732639695938e+00,9.209881013108698333e-01,-4.811853032998040375e-02,-2.093509261708095437e+03,-1.038728329418129988e+03,5.115781367126661650e+01,-4.330298615952563068e+01,2.475926831576099403e+02,-2.541150121412690144e+00,2.000558865881595797e-08
3.561284722222221899e+05,2.018405440015092811e+00,9.244360933845707784e-01,-4.829425812683545843e-02,-2.100888678350632745e+03,-1.042420870881274141e+03,5.133826913370884171e+01,-4.371895901176209520e+01,2.478641687625888892e+02,-2.529149121413241552e+00,2.000558865642345054e-08
3.573958333333333139e+05,2.025569684601268072e+00,9.278861525078583306e-01,-4.847000526605809573e-02,-2.108268018297683284e+03,-1.046113374289852800e+03,5.151872272198896496e+01,-4.413356914269765241e+01,2.481282965346123035e+02,-2.517074200404888717e+00,2.000558865407523036e-08
3.586631944444444380e+05,2.032733464879512564e+00,9.313382727948700257e-01,-4.864577157234692417e-02,-2.115647282086543782e+03,-1.049805839909337692e+03,5.169917444923190430e+01,-4.454680944520627150e+01,2.483850879496487778e+02,-2.504926015444796317e+00,2.000558865176964970e-08
3.599305555555555620e+05,2.039896779325023335e+00,9.347924484943304080e-01,-4.882155687263137200e-02,-2.123026470248879377e+03,-1.053498268002429995e+03,5.187962432842505223e+01,-4.495867280965354240e+01,2.486345640036000475e+02,-2.492705215327200463e+00,2.000558864950516667e-08
3.611979166666666861e+05,2.047059626406442234e+00,9.382486739877626825e-01,-4.899736099602026301e-02,-2.130405583310800921e+03,-1.057190658829097856e+03,5.206007237242019414e+01,-4.536915212202170267e+01,2.488767452187057359e+02,-2.480412440769631743e+00,2.000558864728024603e-08
3.624652777777777519e+05,2.054222004585401606e+00,9.417069437877447768e-01,-4.917318377375166916e-02,-2.137784621792944563e+03,-1.060883012646615498e+03,5.224051859393539132e+01,-4.577824026206189956e+01,2.491116516497592954e+02,-2.468048324594751541e+00,2.000558864509342865e-08
3.637326388888888760e+05,2.061383912316074429e+00,9.451672525362240229e-01,-4.934902503914387339e-02,-2.145163586210544963e+03,-1.064575329709599146e+03,5.242096300555682831e+01,-4.618593010147225897e+01,2.493393028901391517e+02,-2.455613491907957968e+00,2.000558864294330169e-08
3.650000000000000000e+05,2.068545348044733334e+00,9.486295950028735824e-01,-4.952488462754751214e-02,-2.152542477073511236e+03,-1.068267610270043861e+03,5.260140561974063189e+01,-4.659221450210017679e+01,2.495597180776608752e+02,-2.443108560270896845e+00,2.000558864082849203e-08
