# N, dt, tmax
# 3, 2253.0864197530864, 365000
# t, xSun, ySun, zSun, xJup, yJup, zJup, xSat, ySat, zSat E
0.000000000000000000e+00,-5.170151348210463502e-03,-3.199338259971517759e-03,1.635266715080669990e-04,2.656108531185689348e+00,4.247624964374128176e+00,-7.703558120299193457e-02,9.214417335570990630e+00,-2.995248118946571392e+00,-3.147370095891919850e-01,-3.155910129732769618e-08
2.267080745341615057e+03,2.516184765321144434e-02,7.469966197283895576e-03,-5.269602958280783251e-04,-2.779149290359683278e+01,-1.123784612038547692e+01,6.685391947003683777e-01,4.803553560057982175e+00,1.140314443627856811e+01,-3.895275540626382815e-01,9.664031139894305555e-08
4.534161490683230113e+03,5.468202855384599048e-02,2.127337853755354585e-02,-1.259034382486690345e-03,-5.604160205488773983e+01,-2.808769075400724802e+01,1.370610355435331495e+00,-4.106997333962036478e+00,1.939506669977623687e+01,-1.735427949047116114e-01,9.545854586465948970e-08
6.801242236024845624e+03,8.373095339886348076e-02,3.582122325023953668e-02,-1.993074084348752870e-03,-8.395508906076595679e+01,-4.476905547050468925e+01,2.064449853071792518e+00,-1.249334982521690485e+01,2.422018127975522006e+01,7.681116988259009681e-02,9.530855388326498318e-08
9.068322981366460226e+03,1.123943910178986372e-01,5.077807250359009372e-02,-2.722315106059187365e-03,-1.117227850351370222e+02,-6.137268392951608575e+01,2.754704394907226295e+00,-2.001816592926911298e+01,2.735492491507523027e+01,3.223524568710142701e-01,9.526984623996700416e-08
1.133540372670807483e+04,1.407661661051944901e-01,6.598489549162206425e-02,-3.446213396380099370e-03,-1.394096917562963540e+02,-7.793193287583621043e+01,3.442966950060180942e+00,-2.679255085598444097e+01,2.946701192464261609e+01,5.558574951276442633e-01,9.525599187952151457e-08
1.360248447204969125e+04,1.689096568856674196e-01,8.136047301040724711e-02,-4.165184505408130872e-03,-1.670453288987282576e+02,-9.446252110232943267e+01,4.129963312363361005e+00,-3.293961348322892491e+01,3.089305458035421026e+01,7.763558064739823905e-01,9.524992062717278428e-08
1.586956521739130585e+04,1.968673535666294327e-01,9.685849242903304956e-02,-4.879738760775735595e-03,-1.946455473133955252e+02,-1.109730799578273235e+02,4.816083995639263371e+00,-3.855504756453108683e+01,3.182388702522433377e+01,9.843282701204152385e-01,9.524687336070080974e-08
1.813664596273292045e+04,2.246688840896600148e-01,1.124500418191669709e-01,-5.590326890136495391e-03,-2.222198330945241764e+02,-1.274688534768610424e+02,5.501563032107799955e+00,-4.371081138048516834e+01,3.237816067445049129e+01,1.180569918880221669e+00,9.524518859121786392e-08
2.040372670807453687e+04,2.523357482972324872e-01,1.281157855227914866e-01,-6.297322129995810286e-03,-2.497743114496527994e+02,-1.439532648095523371e+02,6.186551690767840839e+00,-4.846165553649733226e+01,3.263494660062595187e+01,1.365881138865864264e+00,9.524418739979967597e-08
2.267080745341614966e+04,2.798840856917232944e-01,1.438420914588640354e-01,-7.001029644459676356e-03,-2.773131663176920938e+02,-1.604286715333310838e+02,6.871153378795503031e+00,-5.285006339683788923e+01,3.264980527668213739e+01,1.540984048411928153e+00,9.524355826214869052e-08
2.493788819875776608e+04,3.073263533585958718e-01,1.596189425065528411e-01,-7.701699459023761928e-03,-3.048393822534073365e+02,-1.768967662746165388e+02,7.555441905294118854e+00,-5.690964276372156405e+01,3.246343080696913574e+01,1.706506741763705648e+00,9.524314494719352869e-08
2.720496894409938250e+04,3.346723863542805932e-01,1.754387289753818469e-01,-8.399537745974752778e-03,-3.323551628790702921e+02,-1.933588052748519885e+02,8.239471793536012001e+00,-6.066743760790930651e+01,3.210663837756336392e+01,1.862988324149106534e+00,9.524286339919259303e-08
2.947204968944099528e+04,3.619300941549231654e-01,1.912955099019423844e-01,-9.094715740175510904e-03,-3.598621815016286973e+02,-2.098157465344448553e+02,8.923284462311805498e+00,-6.414552726408190608e+01,3.160340970259282756e+01,2.010889454664091858e+00,9.524266574332619408e-08
3.173913043478261170e+04,3.891059338458768835e-01,2.071845396410582352e-01,-9.787376586281860275e-03,-3.873617386643090867e+02,-2.262683373050856517e+02,9.606912114544737591e+00,-6.736215547829849015e+01,3.097284127213234228e+01,2.150603310720568206e+00,9.524252339688488897e-08
3.400621118012422812e+04,4.162052412016886138e-01,2.231019524564959167e-01,-1.047764057045542582e-02,-4.148548652333896598e+02,-2.427171716912680495e+02,1.029038028309873276e+01,-7.033254425263407938e+01,3.023044006929682226e+01,2.282465386209073799e+00,9.524241860583034405e-08
3.627329192546584090e+04,4.432324682746427991e-01,2.390445453413457544e-01,-1.116560913220381729e-02,-4.423423921519586770e+02,-2.591627298305750173e+02,1.097370955424656458e+01,-7.306949197843118782e+01,2.938901414485231456e+01,2.406761769002481177e+00,9.524233996364938517e-08
3.854037267080745369e+04,4.701913576469254896e-01,2.550096241769820304e-01,-1.185136796169524928e-02,-4.698249990087578567e+02,-2.756054052969138866e+02,1.165691676820979872e+01,-7.558382076941830974e+01,2.845930229285444568e+01,2.523735965915331114e+00,9.524227992530104785e-08
4.080745341614907375e+04,4.970850726398765573e-01,2.709948920285545348e-01,-1.253498940878529193e-02,-4.973032487009990632e+02,-2.920455247337909555e+02,1.234001587627957441e+01,-7.788471617395900637e+01,2.745043037752023096e+01,2.633594466968611325e+00,9.524223337151940892e-08
4.307453416149068653e+04,5.239162961699774801e-01,2.869983662372259658e-01,-1.321653436927244449e-02,-5.247776127103779800e+02,-3.084833622195175735e+02,1.302301856602763053e+01,-7.997998856205843765e+01,2.637024933132956406e+01,2.736511255517976693e+00,9.524219675027005707e-08
4.534161490683229931e+04,5.506873068042577035e-01,3.030183156563092117e-01,-1.389605376933496228e-02,-5.522484898860981275e+02,-3.249191499742681799e+02,1.370593472604338814e+01,-8.187627644002519389e+01,2.522559046987181475e+01,2.832631448756414372e+00,9.524216754739411283e-08
4.760869565217391937e+04,5.774000379049832876e-01,3.190532122648163660e-01,-1.457358973685032866e-02,-5.797162206387629340e+02,-3.413530864727414382e+02,1.438877279721415725e+01,-8.357920593731026315e+01,2.402246184801601103e+01,2.922074221842873243e+00,9.524214395126969794e-08
4.987577639751553215e+04,6.040561239966637519e-01,3.351016932208787380e-01,-1.524917652496552561e-02,-6.071810978280343534e+02,-3.577853426819704055e+02,1.507154004224182842e+01,-8.509351663845390590e+01,2.276620183453956514e+01,3.004935138466610756e+00,9.524212463519928474e-08
5.214285714285714494e+04,6.306569373026282843e-01,3.511625306057916673e-01,-1.592284123628651474e-02,-6.346433752271613002e+02,-3.742160669212868811e+02,1.575424275521965534e+01,-8.642316112039375753e+01,2.146160118229891012e+01,3.081287984154823079e+00,9.524210861311034121e-08
5.440993788819876499e+04,6.572036165807784158e-01,3.672346068985464784e-01,-1.659460438352295536e-02,-6.621032741839998152e+02,-3.906453886942323379e+02,1.643688642658604593e+01,-8.757138357518221028e+01,2.011300161898607541e+01,3.151186176523826266e+00,9.524209514199108495e-08
5.667701863354037778e+04,6.836970898125618312e-01,3.833168947546061189e-01,-1.726448031303669250e-02,-6.895609889208471941e+02,-4.070734217428092734e+02,1.711947587439213692e+01,-8.854078147698648138e+01,1.872437678389028903e+01,3.214663808464765626e+00,9.524208365475510183e-08
5.894409937888199056e+04,7.101380918855340063e-01,3.994084400294521942e-01,-1.793247751056327444e-02,-7.170166907938074701e+02,-4.235002665060868594e+02,1.780201534981520695e+01,-8.933335321130083173e+01,1.729939982472600235e+01,3.271736365177214889e+00,9.524207371330587393e-08
6.121118012422360334e+04,7.365271781058888578e-01,4.155083472421262081e-01,-1.859859880273602439e-02,-7.444705317475725224e+02,-4.399260121173376774e+02,1.848450862275308282e+01,-8.995053380426094236e+01,1.584150091785278924e+01,3.322401143238575383e+00,9.524206497525206400e-08
6.347826086956522340e+04,7.628647341482406308e-01,4.316157668516729107e-01,-1.926284146345326118e-02,-7.719226471413807076e+02,-4.563507380398945656e+02,1.916695905184823445e+01,-9.039322028936847175e+01,1.435391724013699566e+01,3.366637388809899711e+00,9.524205717000702506e-08
6.574534161490683618e+04,7.891509828719591724e-01,4.477298838426483352e-01,-1.992519723022409192e-02,-7.993731580786890163e+02,-4.727745154174219806e+02,1.984936964222154288e+01,-9.066178777069205807e+01,1.283973740774461447e+01,3.404406161987570290e+00,9.524205008144830213e-08
6.801242236024845624e+04,8.153859882896912215e-01,4.638499071992689959e-01,-2.058565223211483025e-02,-8.268221733416107782e+02,-4.891974081964186212e+02,2.053174309341672554e+01,-9.075609684421148415e+01,1.130194204564816296e+01,3.435649924621234419e+00,9.524204353524564884e-08
7.027950310559006175e+04,8.415696568519812626e-01,4.799750599006170071e-01,-2.124418682754823998e-02,-8.542697910079482426e+02,-5.056194740655566306e+02,2.121408183948225457e+01,-9.067549269074194740e+01,9.743441922677392952e+00,3.460291839049147278e+00,9.524203738958310490e-08
7.254658385093168181e+04,8.677017361024788045e-01,4.961045690971074285e-01,-2.190077534674992471e-02,-8.817160998113396317e+02,-5.220407652465921728e+02,2.189638808268901116e+01,-9.041879582890769029e+01,8.167114956750825883e+00,3.478234754536279283e+00,9.524203152841948590e-08
7.481366459627330187e+04,8.937818106528701012e-01,5.122376561338790601e-01,-2.255538572984903956e-02,-9.091611802919886713e+02,-5.384613291641330761e+02,2.257866382205918754e+01,-8.998428419170311088e+01,6.575843350975814516e+00,3.489359846031935497e+00,9.524202585673025505e-08
7.708074534161490737e+04,9.198092953176892905e-01,5.283735260701474257e-01,-2.320797904724965222e-02,-9.366051057755163356e+02,-5.548812090158701267e+02,2.326091087763606780e+01,-8.936966584211027964e+01,4.972552160475554039e+00,3.493524855324138034e+00,9.524202029739919027e-08
7.934782608695652743e+04,9.457834251284095162e-01,5.445113563027377257e-01,-2.385850888355196819e-02,-9.640479432098536563e+02,-5.713004442605126769e+02,2.394313091123569848e+01,-8.857204124627773467e+01,3.360250718008871651e+00,3.490561866629027232e+00,9.524201478962072118e-08
8.161490683229814749e+04,9.717032418041364750e-01,5.606502838320871485e-01,-2.450692055956852147e-02,-9.914897538841846654e+02,-5.877190710372829017e+02,2.462532544427524783e+01,-8.758785354551281443e+01,1.742078579774416713e+00,3.480274525584910794e+00,9.524200928886412875e-08
8.388198757763975300e+04,9.975675760807203307e-01,5.767893906013943361e-01,-2.515315015822662537e-02,-1.018930594049346155e+03,-6.041371225281742454e+02,2.530749587315876070e+01,-8.641282466976259968e+01,1.213580203625632126e-01,3.462434580380495674e+00,9.524200376867454911e-08
8.614906832298137306e+04,1.023375025074705791e+00,5.929276861805652388e-01,-2.579712330848897214e-02,-1.046370515455458190e+03,-6.205546292720987367e+02,2.598964348261118573e+01,-8.504187435893491909e+01,-1.498344344835798925e+00,3.436777583260353097e+00,9.524199822489072114e-08
8.841614906832299312e+04,1.049123923560072669e+00,6.090640868345434944e-01,-2.643875366556319370e-02,-1.073809565819698037e+03,-6.369716194383930770e+02,2.667176945728054349e+01,-8.346901812391305953e+01,-3.113143425193829472e+00,3.402997535405263729e+00,9.524199268332037554e-08
9.068322981366459862e+04,1.074812307630275576e+00,6.251973896765805616e-01,-2.707794100367271611e-02,-1.101247789234830179e+03,-6.533881190658324840e+02,2.735387489187135301e+01,-8.168723876850414456e+01,-4.718744442279886542e+00,3.360740181421165040e+00,9.524198721265490650e-08
9.295031055900621868e+04,1.100437868654935203e+00,6.413262401071414542e-01,-2.771456880656712751e-02,-1.128685226527279156e+03,-6.698041522722465970e+02,2.803596080002691338e+01,-7.968832412968913559e+01,-6.310328327992326791e+00,3.309594551052681410e+00,9.524198194565358624e-08
9.521739130434783874e+04,1.125997894641739050e+00,6.574490899913082442e-01,-2.834850119614356484e-02,-1.156121915572040734e+03,-6.862197414389717096e+02,2.871802812214142264e+01,-7.746266090429334383e+01,-7.882404809153003455e+00,3.249082189121478947e+00,9.524197711379742996e-08
9.748447204968944425e+04,1.151489194957451723e+00,6.735641428878239578e-01,-2.897957897365322985e-02,-1.183557891570530728e+03,-7.026349073736786295e+02,2.940007773225299204e+01,-7.499897038802494365e+01,-9.428620269736285309e+00,3.178643284273954706e+00,9.524197310450515961e-08
9.975155279503106431e+04,1.176908002650635998e+00,6.896692808670340513e-01,-2.960761444889103977e-02,-1.210993187296484166e+03,-7.190496694545511218e+02,3.008211044414435165e+01,-7.228396596993700030e+01,-1.094150127163812769e+01,3.097618560627049433e+00,9.524197055719940600e-08
1.020186335403726844e+05,1.202249846028400793e+00,7.057619646162313076e-01,-3.023238458015290245e-02,-1.238427833314216741e+03,-7.354640457583196849e+02,3.076412701675808847e+01,-6.930190316689348151e+01,-1.241210468620443486e+01,3.005225262610441206e+00,9.524197052825435789e-08
1.042857142857142899e+05,1.227509377119821110e+00,7.218390938580927507e-01,-3.085362170623655309e-02,-1.265861858172891743e+03,-7.518780531742720541e+02,3.144612815901686176e+01,-6.603397892372602485e+01,-1.382952904407513195e+01,2.900524718539356339e+00,9.524197478205949677e-08
1.065527950310559099e+05,1.252680138247812103e+00,7.378968071532441275e-01,-3.147100075781433803e-02,-1.293295288579893622e+03,-7.682917075060461229e+02,3.212811453412528806e+01,-6.245751448076225643e+01,-1.518021388584472753e+01,2.782377590432212777e+00,9.524198632144031043e-08
1.088198757763975300e+05,1.277754237391256042e+00,7.539301860823569568e-01,-3.208412117041420375e-02,-1.320728149555944810e+03,-7.847050235627422126e+02,3.281008676341906494e+01,-5.854481924208683097e+01,-1.644690465906313293e+01,2.649380591070463531e+00,9.524201039115003115e-08
1.110869565217391355e+05,1.302721885095136312e+00,7.699328027521230577e-01,-3.269248055331396008e-02,-1.348160464574228172e+03,-8.011180152406720936e+02,3.349204542981726007e+01,-5.426157037922468618e+01,-1.760706957876634249e+01,2.499774363797304222e+00,9.524205646002657624e-08
1.133540372670807556e+05,1.327570714043155853e+00,7.858959987433172811e-01,-3.329543502242320041e-02,-1.375592255685452301e+03,-8.175306955968763987e+02,3.417399108092599391e+01,-4.956443221479259620e+01,-1.863037707480905425e+01,2.331304712862053208e+00,9.524214233329015257e-08
1.156211180124223611e+05,1.352284744223674950e+00,8.018076780346841126e-01,-3.389213694730472404e-02,-1.403023543630531549e+03,-8.339430769153865413e+02,3.485592423183476996e+01,-4.439743589981338090e+01,-1.947447310540566789e+01,2.141004827338305994e+00,9.524230315996067730e-08
1.178881987577639811e+05,1.376842745060693707e+00,8.176501598052530184e-01,-3.448143229389179221e-02,-1.430454347942324830e+03,-8.503551707670711721e+02,3.553784536764138835e+01,-3.868624965488278633e+01,-2.007746985889132318e+01,1.924836167913624330e+00,9.524261227028753517e-08
1.201552795031056012e+05,1.401215524296762105e+00,8.333960546554676219e-01,-3.506168076523353411e-02,-1.457884687037681033e+03,-8.667669880638017048e+02,3.621975494573646870e+01,-3.232869472156804846e+01,-2.034352020859299159e+01,1.677059294762707875e+00,9.524323104347145679e-08
1.224223602484472067e+05,1.425361233848186027e+00,8.489995148300487626e-01,-3.563041630889068195e-02,-1.485314578300882204e+03,-8.831785391075693497e+02,3.690165339787437659e+01,-2.517832452613672345e+01,-2.011221000990929397e+01,1.389046283745074106e+00,9.524451665835693541e-08
1.246894409937888267e+05,1.449217074033050112e+00,8.643750034016095540e-01,-3.618364653925818658e-02,-1.512744038159429465e+03,-8.995898336351087892e+02,3.758354113205430735e+01,-1.701540504008300658e+01,-1.908429056964405390e+01,1.046830033875720600e+00,9.524696418374045911e-08
1.269565217391304468e+05,1.472686944290990674e+00,8.793351852442116146e-01,-3.671427774423857010e-02,-1.540173082152998859e+03,-9.160008808585125735e+02,3.826541853423184847e+01,-7.503715612443082605e+00,-1.660441532624070149e+01,6.255947876284607689e-01,9.524383169637509936e-08
1.292236024844720523e+05,1.495667074626233273e+00,8.933565829790509616e-01,-3.720904747613441171e-02,-1.567601724996293797e+03,-9.324116895022607423e+02,3.894728596987911118e+01,3.719790054843137739e+00,-1.084138230380110102e+01,7.894604174462545310e-02,9.501919969824524999e-08
1.314906832298136724e+05,1.519043031163333612e+00,9.047319106443481029e-01,-3.767342732359862945e-02,-1.595029980636423034e+03,-9.488222678370345875e+02,3.962914378540923366e+01,1.355736540566229209e+01,4.177082113457416312e+00,-5.739772318615378177e-01,9.706146173979888329e-08
1.337577639751552779e+05,1.544971190761729396e+00,9.162890151552193219e-01,-3.824258543040510994e-02,-1.622457862305356457e+03,-9.652326237106540248e+02,4.031099230947894085e+01,1.446584667436986038e+01,1.855893111370896875e+01,-8.603453204683563227e-01,9.739110392272482202e-08
1.360248447204969125e+05,1.571382679402620663e+00,9.284430201291934415e-01,-3.884140464966394368e-02,-1.649885382568003934e+03,-9.816427645764678118e+02,4.099283185418198627e+01,1.368239066528144932e+01,3.085204834635371185e+01,-1.042926072657089476e+00,9.734005543866944086e-08
1.382919254658385180e+05,1.597943389856928409e+00,9.409606613119888552e-01,-3.945251559891443244e-02,-1.677312553366379916e+03,-9.980526975193648695e+02,4.167466271614418361e+01,1.237577560344772287e+01,4.187243765531672324e+01,-1.182480203704036059e+00,9.732305844562772872e-08
1.405590062111801235e+05,1.624563982051435929e+00,9.537057876627398345e-01,-4.006998661157346736e-02,-1.704739386060091647e+03,-1.014462429279651133e+03,4.235648517752895970e+01,1.085855936222425377e+01,5.209639062923076835e+01,-1.299758180569538624e+00,9.731660844600296626e-08
1.428260869565217581e+05,1.651212313176094071e+00,9.666058139755244749e-01,-4.069127175157714882e-02,-1.732165891463611160e+03,-1.030871966275042723e+03,4.303829950696266593e+01,9.243216617508320354e+00,6.177783854277611653e+01,-1.403666822946581183e+00,9.731368579075344706e-08
1.450931677018633636e+05,1.677874446998581570e+00,9.796185298549717757e-01,-4.131507970359327153e-02,-1.759592079880612346e+03,-1.047281314620930743e+03,4.372010596038695951e+01,7.578532027244285985e+00,7.106445773234901253e+01,-1.498724127486582569e+00,9.731217491626390208e-08
1.473602484472049691e+05,1.704543550638812244e+00,9.927172788316467322e-01,-4.194067324768441241e-02,-1.787017961135645010e+03,-1.063690480149079349e+03,4.440190478184517531e+01,5.888440458566328140e+00,8.004951449922209861e+01,-1.587509773580808137e+00,9.731131454135001070e-08
1.496273291925466037e+05,1.731215984237883809e+00,1.005884112407922082e+00,-4.256759417923007549e-02,-1.814443544603391501e+03,-1.080099468424898532e+03,4.508369620420872081e+01,4.185705789304177138e+00,8.879581295514330463e+01,-1.671627381629303466e+00,9.731078751392944399e-08
1.518944099378882092e+05,1.757889696210793051e+00,1.019106332963877426e+00,-4.319553912296500431e-02,-1.841868839235723044e+03,-1.096508284763424854e+03,4.576548044984876640e+01,2.477534554458489247e+00,9.734778831424405610e+01,-1.752138929394827072e+00,9.731044586079700972e-08
1.541614906832298147e+05,1.784563486328522242e+00,1.032374602109011885e+00,-4.382429720035672244e-02,-1.869293853586752675e+03,-1.112916934244118920e+03,4.644725773125831125e+01,7.681538376651892985e-01,1.057381241051190841e+02,-1.829782799424210404e+00,9.731021415230500540e-08
1.564285714285714494e+05,1.811236637241846470e+00,1.045681834889566453e+00,-4.445371607196157981e-02,-1.896718595836059421e+03,-1.129325421724585112e+03,4.712902825162878884e+01,-9.398996870445378571e-01,1.139916203828662447e+02,-1.905092567989173258e+00,9.731005112533282043e-08
1.586956521739130549e+05,1.837908717614709531e+00,1.059022517492488991e+00,-4.508368219847957992e-02,-1.924143073810241049e+03,-1.145733751853309286e+03,4.781079220538518371e+01,-2.645091025394893602e+00,1.221275805069867317e+02,-1.978466055550204050e+00,9.730993287258162551e-08
1.609627329192546604e+05,1.864579471256089249e+00,1.072392267064456117e+00,-4.571410874858429507e-02,-1.951567295002938863e+03,-1.162141929081493572e+03,4.849254977868329064e+01,-4.346498968877515523e+00,1.301613509751381628e+02,-2.050207627959283130e+00,9.730984486748992360e-08
1.632298136645962950e+05,1.891248751969502262e+00,1.085787536955419075e+00,-4.634492786341194714e-02,-1.978991266593462797e+03,-1.178549957674064672e+03,4.917430114987211454e+01,-6.043588130022856220e+00,1.381053525455655517e+02,-2.120555257545173600e+00,9.730977792302397961e-08
1.654968944099379005e+05,1.917916483914180903e+00,1.099205413024385791e+00,-4.697608552508453217e-02,-2.006414995464130470e+03,-1.194957841719927274e+03,4.985604648992443799e+01,-7.736070224171048615e+00,1.459697928127601187e+02,-2.189698474937659789e+00,9.730972602742901912e-08
1.677639751552795060e+05,1.944582636789340402e+00,1.112643469026953102e+00,-4.760753804592481042e-02,-2.033838488216428004e+03,-1.211365585141519432e+03,5.053778596283812163e+01,-9.423817207741908675e+00,1.537631721073137498e+02,-2.257790651461840437e+00,9.730968512936319754e-08
1.700310559006211406e+05,1.971247209929239297e+00,1.126099661525124862e+00,-4.823924960182097987e-02,-2.061261751186086258e+03,-1.227773191703728344e+03,5.121951972601042513e+01,-1.110680559091842667e+01,1.614926511410005503e+02,-2.324957628910051533e+00,9.730965242779014933e-08
1.722981366459627461e+05,1.997910221911975981e+00,1.139572251947118309e+00,-4.887119045869377926e-02,-2.088684790457158215e+03,-1.244180665022218818e+03,5.190124793058762265e+01,-1.278508004122743635e+01,1.691643236766570908e+02,-2.391303924692953942e+00,9.730962594204991904e-08
1.745652173913043516e+05,2.024571703665313471e+00,1.153059747737593455e+00,-4.950333567119697548e-02,-2.116107611875176190e+03,-1.260588008571216733e+03,5.258297072179166776e+01,-1.445872922312270248e+01,1.767834224161972543e+02,-2.456917284998372253e+00,9.730960424340437571e-08
1.768322981366459862e+05,2.051231693837895165e+00,1.166560857210415802e+00,-5.013566411063751643e-02,-2.143530221059460928e+03,-1.276995225690791813e+03,5.326468823922588314e+01,-1.612786956495163793e+01,1.843544769541925916e+02,-2.521872086238388988e+00,9.730958628277384594e-08
1.790993788819875917e+05,2.077890235664856977e+00,1.180074454418506669e+00,-5.076815772713542951e-02,-2.170952623414646041e+03,-1.293402319593678158e+03,5.394640061716118140e+01,-1.779263425608636240e+01,1.918814366891979546e+02,-2.586231917038837480e+00,9.730957127747951797e-08
1.813664596273291972e+05,2.104547374834644380e+00,1.193599551467660502e+00,-5.140080098150495713e-02,-2.198374824141478712e+03,-1.309809293371667081e+03,5.462810798480419550e+01,-1.945316574877300653e+01,1.993677676939631169e+02,-2.650051566468091924e+00,9.730955863514129008e-08
1.836335403726708319e+05,2.131203158035467116e+00,1.207135276444462058e+00,-5.203358040213593161e-02,-2.225796828246948280e+03,-1.326216150001601363e+03,5.530981046654886768e+01,-2.110961063967339157e+01,2.068165299456633477e+02,-2.713378574947564736e+00,9.730954790152866516e-08
1.859006211180124374e+05,2.157857631968200351e+00,1.220680855635230877e+00,-5.266648423530811279e-02,-2.253218640553793648e+03,-1.342622892351006158e+03,5.599150818221256998e+01,-2.276211618513205082e+01,2.142304395444995748e+02,-2.776254458273438974e+00,9.730953872418441791e-08
1.881677018633540429e+05,2.184510842682255038e+00,1.234235599064823052e+00,-5.329950216628588644e-02,-2.280640265709437699e+03,-1.359029523183376568e+03,5.667320124725786457e+01,-2.441082794815987356e+01,2.216119193179865476e+02,-2.838715683994306627e+00,9.730953082663707373e-08
1.904347826086956775e+05,2.211162835136612603e+00,1.247798888632587255e+00,-5.393262509469257115e-02,-2.308061708194379662e+03,-1.375436045163150084e+03,5.735488977300111202e+01,-2.605588823486406014e+01,2.289631403390933428e+02,-2.900794457869513288e+00,9.730952398984707562e-08
1.927018633540372830e+05,2.237813652918597462e+00,1.261370168300877115e+00,-5.456584495197885909e-02,-2.335482972330098619e+03,-1.391842460860385700e+03,5.803657386680858821e+01,-2.769743508427862011e+01,2.362860562633723873e+02,-2.962519363036731246e+00,9.730951803867581658e-08
1.949689440993788885e+05,2.264463338073396947e+00,1.274948935920973803e+00,-5.519915455187342918e-02,-2.362904062286490444e+03,-1.408248772755170194e+03,5.871825363228126093e+01,-2.933560164717777852e+01,2.435824319373673461e+02,-3.023915883766731039e+00,9.730951283189316551e-08
1.972360248447205231e+05,2.291111931011351022e+00,1.288534736376569123e+00,-5.583254746692244835e-02,-2.390324982088876823e+03,-1.424654983241769287e+03,5.939992916942883028e+01,-3.097051583836208266e+01,2.508538673972068409e+02,-3.085006837921091094e+00,9.730950825471290993e-08
1.995031055900621286e+05,2.317759470469674010e+00,1.302127155795969271e+00,-5.646601792584741292e-02,-2.417745735624611825e+03,-1.441061094632542108e+03,6.008160057483382133e+01,-3.260230018067908730e+01,2.581018181279443411e+02,-3.145812736552185740e+00,9.730950421315646641e-08
2.017701863354037341e+05,2.344405993511993636e+00,1.315725816637621115e+00,-5.709956072765141888e-02,-2.445166326649317853e+03,-1.457467109161636699e+03,6.076326794180646118e+01,-3.423107178259720484e+01,2.653276122671760504e+02,-3.206352084884625420e+00,9.730950062975458541e-08
2.040372670807453687e+05,2.371051535553847067e+00,1.329330373494260975e+00,-5.773317116930212767e-02,-2.472586758792770524e+03,-1.473873028988477699e+03,6.144493136053082338e+01,-3.585694240773145225e+01,2.725324652941803834e+02,-3.266641635775331398e+00,9.730949744023911851e-08
2.063043478260869742e+05,2.397696130405627013e+00,1.342940509492200230e+00,-5.836684498449831726e-02,-2.500007035564460693e+03,-1.490278856201061217e+03,6.212659091820297164e+01,-3.748001860648349037e+01,2.797174926365513556e+02,-3.326696604375066535e+00,9.730949459097431159e-08
2.085714285714285797e+05,2.424339810326853861e+00,1.356555933186484486e+00,-5.900057829154484179e-02,-2.527427160358851324e+03,-1.506684592819072577e+03,6.280824669916154335e+01,-3.910040188836330088e+01,2.868837205416360234e+02,-3.386530850902864653e+00,9.730949203694662362e-08
2.108385093167702144e+05,2.450982606087424465e+00,1.370176375871552832e+00,-5.963436754875918455e-02,-2.554847136460350612e+03,-1.523090240796833768e+03,6.348989878501122774e+01,-4.071818891960158027e+01,2.940320954939513172e+02,-3.446157037050701977e+00,9.730948974017927946e-08
2.131055900621118199e+05,2.477624547032671209e+00,1.383801589241905328e+00,-6.026820951614200034e-02,-2.582266967048019978e+03,-1.539495802026093088e+03,6.417154725473972121e+01,-4.233347173502773586e+01,3.011634924076952302e+02,-3.505586760453812900e+00,9.730948766847297014e-08
2.153726708074534254e+05,2.504265661150021138e+00,1.397431343349105681e+00,-6.090210122228621042e-02,-2.609686655200030600e+03,-1.555901278338670181e+03,6.485319218482842984e+01,-4.394633795635601103e+01,3.082787217821841637e+02,-3.564830670815865243e+00,9.730948579439877035e-08
2.176397515527950600e+05,2.530905975135675057e+00,1.411065424810841407e+00,-6.153603993568926983e-02,-2.637106203897890282e+03,-1.572306671508960335e+03,6.553483364935743793e+01,-4.555687101132773620e+01,3.153785359750893349e+02,-3.623898570611522540e+00,9.730948409448795146e-08
2.199068322981366655e+05,2.557545514460219493e+00,1.424703635235352150e+00,-6.217002313978498007e-02,-2.664525616030447054e+03,-1.588711983256309622e+03,6.621647172010493421e+01,-4.716515034983975596e+01,3.224636347218651622e+02,-3.682799502760036869e+00,9.730948254857582213e-08
2.221739130434782710e+05,2.584184303432420116e+00,1.438345789830652866e+00,-6.280404851113137454e-02,-2.691944894397691769e+03,-1.605117215247269996e+03,6.689810646664169269e+01,-4.877125165441700005e+01,3.295346700083528617e+02,-3.741541827241202434e+00,9.730948113926777993e-08
2.244409937888198765e+05,2.610822365260721867e+00,1.451991716172944535e+00,-6.343811390028861186e-02,-2.719364041714364703e+03,-1.621522369097738647e+03,6.757973795642062953e+01,-5.037524704328313874e+01,3.365922503861373798e+02,-3.800133288285718169e+00,9.730947985150197765e-08
2.267080745341615111e+05,2.637459722112138305e+00,1.465641253112683229e+00,-6.407221731499879169e-02,-2.746783060613381622e+03,-1.637927446374989813e+03,6.826136625486191178e+01,-5.197720526493606741e+01,3.436369448060063974e+02,-3.858581073497814096e+00,9.730947867218963865e-08
2.289751552795031166e+05,2.664096395168382703e+00,1.479294249800116701e+00,-6.470635690534368156e-02,-2.774201953649091138e+03,-1.654332448599607233e+03,6.894299142543388825e+01,-5.357719188360839979e+01,3.506692860331689872e+02,-3.916891866045215220e+00,9.730947758991797337e-08
2.312422360248447221e+05,2.690732404679154754e+00,1.492950564814854664e+00,-6.534053095060790572e-02,-2.801620723300368354e+03,-1.670737377247320865e+03,6.962461352972987072e+01,-5.517526945533406746e+01,3.576897736982360243e+02,-3.975071890869525948e+00,9.730947659470283239e-08
2.335093167701863567e+05,2.717367770012587336e+00,1.506610065386327468e+00,-6.597473784761834215e-02,-2.829039371973560719e+03,-1.687142233750752666e+03,7.030623262754137670e+01,-5.677149769458586093e+01,3.646988770299554403e+02,-4.033126955720708118e+00,9.730947567778297013e-08
2.357763975155279622e+05,2.744002509702902159e+00,1.520272626693906837e+00,-6.660897610036509153e-02,-2.856457902005290180e+03,-1.703547019501080968e+03,7.098784877692769157e+01,-5.836593363161969705e+01,3.716970373090217095e+02,-4.091062487696111916e+00,9.730947483144732952e-08
2.380434782608695677e+05,2.770636641495355157e+00,1.533938131237037483e+00,-6.724324431073916419e-02,-2.883876315665121638e+03,-1.719951735849623674e+03,7.166946203428213380e+01,-5.995863176077904200e+01,3.786846700766940899e+02,-4.148883565862395706e+00,9.730947404888992140e-08
2.403105590062112024e+05,2.797270182388568838e+00,1.547606468267090918e+00,-6.787754117024584477e-02,-2.911294615158104079e+03,-1.736356384109345527e+03,7.235107245439526480e+01,-6.154964418009138427e+01,3.856621671272638423e+02,-4.206594950453721005e+00,9.730947332408742833e-08
2.425776397515528079e+05,2.823903148674370200e+00,1.561277533273773166e+00,-6.851186545257334504e-02,-2.938712802627193923e+03,-1.752760965556297833e+03,7.303268009051495824e+01,-6.313902072253781483e+01,3.926298983094563937e+02,-4.264201109068593176e+00,9.730947265169504592e-08
2.448447204968944134e+05,2.850535555975259872e+00,1.574951227519872710e+00,-6.914621600691284176e-02,-2.966130880155563773e+03,-1.769165481430988393e+03,7.371428499440386872e+01,-6.472680907940478789e+01,3.995882131585007642e+02,-4.321706240228171403e+00,9.730947202695852384e-08
2.471118012422360480e+05,2.877167419279636817e+00,1.588627457618957406e+00,-6.978059175194113728e-02,-2.993548849768807486e+03,-1.785569932939689352e+03,7.439588721639411517e+01,-6.631305491613974823e+01,4.065374423777529955e+02,-4.379114294608712932e+00,9.730947144563860777e-08
2.493788819875776535e+05,2.903798752974900310e+00,1.602306135151319033e+00,-7.041499167038837992e-02,-3.020966713437042017e+03,-1.801974321255686391e+03,7.507748680543953412e+01,-6.789780198113399479e+01,4.134778991863353212e+02,-4.436428994218427846e+00,9.730947090394665167e-08
2.516459627329192590e+05,2.930429570878565926e+00,1.615987176314048757e+00,-7.104941480412425847e-02,-3.048384473076915128e+03,-1.818378647520470622e+03,7.575908380916554563e+01,-6.948109220784965601e+01,4.204098805471759306e+02,-4.493653849753080465e+00,9.730947039848909747e-08
2.539130434782608936e+05,2.957059886267502602e+00,1.629670501601652832e+00,-7.168386024970442583e-02,-3.075802130553523511e+03,-1.834782912844875909e+03,7.644067827391683068e+01,-7.106296581069614149e+01,4.273336682880548096e+02,-4.550792176334095274e+00,9.730946992622008084e-08
2.561801242236024991e+05,2.983689711905413766e+00,1.643356035514037972e+00,-7.231832715432652547e-02,-3.103219687682244057e+03,-1.851187118310169126e+03,7.712227024480279169e+01,-7.264346137504571743e+01,4.342495301267301784e+02,-4.607847107806799514e+00,9.730946948439999285e-08
2.584472049689441046e+05,3.010319060068678887e+00,1.657043706289085039e+00,-7.295281471215152302e-02,-3.130637146230487815e+03,-1.867591264969089025e+03,7.780385976574108042e+01,-7.422261594176079313e+01,4.411577206098972397e+02,-4.664821609754100429e+00,9.730946907055985156e-08
2.607142857142857392e+05,3.036947942570641157e+00,1.670733445657349270e+00,-7.358732216095149881e-02,-3.158054507919373464e+03,-1.883995353846840544e+03,7.848544687949923571e+01,-7.580046508658604409e+01,4.480584819745873233e+02,-4.721718491361695413e+00,9.730946868247054419e-08
2.629813664596273447e+05,3.063576370784467429e+00,1.684425188616718083e+00,-7.422184877904998423e-02,-3.185471774425330295e+03,-1.900399385942048639e+03,7.916703162773450231e+01,-7.737704299473908520e+01,4.549520449396244999e+02,-4.778540416254371870e+00,9.730946831811544410e-08
2.652484472049689502e+05,3.090204355664650571e+00,1.698118873225088032e+00,-7.485639388252449122e-02,-3.212888947381633443e+03,-1.916803362227668003e+03,7.984861405103193022e+01,-7.895238253101416603e+01,4.618386294338924358e+02,-4.835289912408692992e+00,9.730946797566739536e-08
2.675155279503105558e+05,3.116831907767255494e+00,1.711814440409359594e+00,-7.549095682264517215e-02,-3.240306028379870895e+03,-1.933207283651855050e+03,8.053019418894083969e+01,-8.052651530569353611e+01,4.687184452674111412e+02,-4.891969381234991587e+00,9.730946765346772216e-08
2.697826086956522195e+05,3.143459037268982126e+00,1.725511833789215022e+00,-7.612553698352581000e-02,-3.267723018971351394e+03,-1.949611151138805326e+03,8.121177208000980841e+01,-8.209947173654269648e+01,4.755916927505674039e+02,-4.948581105910876410e+00,9.730946735000838822e-08
2.720496894409938250e+05,3.170085753985131927e+00,1.739210999514321898e+00,-7.676013377996671050e-02,-3.295139920668452760e+03,-1.966014965589552958e+03,8.189334776182010955e+01,-8.367128110714769207e+01,4.824585632662642070e+02,-5.005127259039105603e+00,9.730946706391600903e-08
2.743167701863354305e+05,3.196712067386541456e+00,1.752911886113747819e+00,-7.739474665547073362e-02,-3.322556734945912467e+03,-1.982418727882738040e+03,8.257492127101782842e+01,-8.524197162183546084e+01,4.893192397992492033e+02,-5.061609909694553266e+00,9.730946679393810079e-08
2.765838509316770360e+05,3.223337986615550932e+00,1.766614444356493285e+00,-7.802937508041647707e-02,-3.349973463242067737e+03,-1.998822438875343551e+03,8.325649264334469990e+01,-8.681157045740161493e+01,4.961738974264372928e+02,-5.118031029917859520e+00,9.730946653893046757e-08
2.788509316770186415e+05,3.249963520501074399e+00,1.780318627122171815e+00,-7.866401855037344348e-02,-3.377390106960042431e+03,-2.015226099403401349e+03,8.393806191366749658e+01,-8.838010381185540609e+01,5.030227037716490486e+02,-5.174392500707126530e+00,9.730946629784650752e-08
2.811180124223602470e+05,3.276588677572825237e+00,1.794024389280951759e+00,-7.929867658454679835e-02,-3.404806667468889827e+03,-2.031629710282668157e+03,8.461962911600647885e+01,-8.994759695037627978e+01,5.098658194278401652e+02,-5.230696117553541136e+00,9.730946606972748522e-08
2.833850931677019107e+05,3.303213466074756077e+00,1.807731687581978219e+00,-7.993334872433933980e-02,-3.432223146104683565e+03,-2.048033272309277891e+03,8.530119428356250921e+01,-9.151407424866370377e+01,5.167033983495891789e+02,-5.286943595561981013e+00,9.730946585369399519e-08
2.856521739130435162e+05,3.329837893977755314e+00,1.821440480549557206e+00,-8.056803453202082688e-02,-3.459639544171571742e+03,-2.064436786260365352e+03,8.598275744874317184e+01,-9.307955923384891150e+01,5.235355882183397398e+02,-5.343136574193422028e+00,9.730946564893828563e-08
2.879192546583851217e+05,3.356461968991653499e+00,1.835150728386461205e+00,-8.120273358949481324e-02,-3.487055862942783733e+03,-2.080840252894665355e+03,8.666431864318791156e+01,-9.464407462312541952e+01,5.303625307826495145e+02,-5.399276621662187026e+00,9.730946545471744247e-08
2.901863354037267272e+05,3.383085698576583589e+00,1.848862392883774630e+00,-8.183744549715481209e-02,-3.514472103661601068e+03,-2.097243672953090027e+03,8.734587789779200762e+01,-9.620764236024440663e+01,5.371843621754848073e+02,-5.455365239017794465e+00,9.730946527034746014e-08
2.924534161490683327e+05,3.409709089953731009e+00,1.862575437336752682e+00,-8.247216987282199319e-02,-3.541888267542289668e+03,-2.113647047159282465e+03,8.802743524272980835e+01,-9.777028365001085319e+01,5.440012132104048987e+02,-5.511403863938161507e+00,9.730946509519769614e-08
2.947204968944099382e+05,3.436332150115518846e+00,1.876289826466214450e+00,-8.310690635075770882e-02,-3.569304355770995244e+03,-2.130050376220149246e+03,8.870899070747698545e+01,-9.933201899090650500e+01,5.508132096583108250e+02,-5.567393874258350195e+00,9.730946492868609325e-08
2.969875776397515438e+05,3.462954885835248575e+00,1.890005526345041043e+00,-8.374165458074454838e-02,-3.596720369506605039e+03,-2.146453660826371561e+03,8.939054432083192125e+01,-1.008928682059575124e+02,5.576204725062791567e+02,-5.623336591256692607e+00,9.730946477027477232e-08
2.992546583850932075e+05,3.489577303676249187e+00,1.903722504329378395e+00,-8.437641422723024531e-02,-3.624136309881577290e+03,-2.162856901652900888e+03,9.007209611093628610e+01,-1.024528504719560118e+02,5.644231181998623015e+02,-5.679233282718048059e+00,9.730946461946616765e-08
3.015217391304348130e+05,3.516199410000549364e+00,1.917440728994189936e+00,-8.501118496852955175e-02,-3.651552178002737492e+03,-2.179260099359429660e+03,9.075364610529491927e+01,-1.040119843471373713e+02,5.712212588701149798e+02,-5.735085165792113138e+00,9.730946447579948010e-08
3.037888198757764185e+05,3.542821210977111335e+00,1.931160170072831361e+00,-8.564596649607923717e-02,-3.678967974952048735e+03,-2.195663254590850556e+03,9.143519433079484315e+01,-1.055702877974082128e+02,5.780150025464960208e+02,-5.790893409663028457e+00,9.730946433884758006e-08
3.060559006211180240e+05,3.569442712589640188e+00,1.944880798400344668e+00,-8.628075851374225613e-02,-3.706383701787347945e+03,-2.212066367977693972e+03,9.211674081372363787e+01,-1.071277782212133474e+02,5.848044533566915106e+02,-5.846659138045049886e+00,9.730946420821401642e-08
3.083229813664596295e+05,3.596063920644010370e+00,1.958602585860206968e+00,-8.691556073715700492e-02,-3.733799359543059836e+03,-2.228469440136552748e+03,9.279828557978716219e+01,-1.086844724731239040e+02,5.915897117143189234e+02,-5.902383431517724155e+00,9.730946408353056806e-08
3.105900621118012350e+05,3.622684840775320048e+00,1.972325505334269424e+00,-8.755037289312848914e-02,-3.761214949230883576e+03,-2.244872471670489631e+03,9.347982865412654974e+01,-1.102403868862235896e+02,5.983708744953894438e+02,-5.958067329712804394e+00,9.730946396445487485e-08
3.128571428571428987e+05,3.649305478454597740e+00,1.986049530655676687e+00,-8.818519471905794660e-02,-3.788630471840450355e+03,-2.261275463169428804e+03,9.416137006133467935e+01,-1.117955372933645322e+02,6.051480352043303128e+02,-6.013711833364069115e+00,9.730946385066826713e-08
3.151242236024845042e+05,3.675925838995182993e+00,1.999774636564539021e+00,-8.882002596240834436e-02,-3.816045928339964121e+03,-2.277678415210537423e+03,9.484290982547196336e+01,-1.133499390473593991e+02,6.119212841303041159e+02,-6.069317906230245363e+00,9.730946374187395249e-08
3.173913043478261097e+05,3.702545927558799299e+00,2.013500798666173708e+00,-8.945486638020272441e-02,-3.843461319676814128e+03,-2.294081328358589417e+03,9.552444797008162425e+01,-1.149036070401722611e+02,6.186907084945044062e+02,-6.124886476900346821e+00,9.730946363779510997e-08
3.196583850931677152e+05,3.729165749161336585e+00,2.027227993391737648e+00,-9.008971573855352466e-02,-3.870876646778167469e+03,-2.310484203166317911e+03,9.620598451820443131e+01,-1.164565557211664100e+02,6.254563925890452083e+02,-6.180418440489969356e+00,9.730946353817347393e-08
3.219254658385093207e+05,3.755785308678357026e+00,2.040956197961088847e+00,-9.072457381221998851e-02,-3.898291910551540241e+03,-2.326887040174754929e+03,9.688751949239284045e+01,-1.180087991144632724e+02,6.322184179080198874e+02,-6.235914660236351992e+00,9.730946344276785174e-08
3.241925465838509263e+05,3.782404610850346849e+00,2.054685390347713358e+00,-9.135944038419221980e-02,-3.925707111885350059e+03,-2.343289839913559717e+03,9.756905291472477870e+01,-1.195603508354635807e+02,6.389768632712560930e+02,-6.291375968999378898e+00,9.730946335135272088e-08
3.264596273291925900e+05,3.809023660287723878e+00,2.068415549245609331e+00,-9.199431524529974591e-02,-3.953122251649447662e+03,-2.359692602901334340e+03,9.825058480681681772e+01,-1.211112241065781774e+02,6.457318049412507435e+02,-6.346803170675111794e+00,9.730946326371720985e-08
3.287267080745341955e+05,3.835642461475603504e+00,2.082146654037964950e+00,-9.262919819384281273e-02,-3.980537330695630772e+03,-2.376095329645931088e+03,9.893211518983692088e+01,-1.226614317722127225e+02,6.524833167337359328e+02,-6.402197041527890597e+00,9.730946317966376145e-08
3.309937888198758010e+05,3.862261018778364807e+00,2.095878684767538580e+00,-9.326408903524517624e-02,-4.007952349858140224e+03,-2.392498020644746703e+03,9.961364408451682095e+01,-1.242109863130483660e+02,6.592314701222890108e+02,-6.457558331446591637e+00,9.730946309900729898e-08
3.332608695652174065e+05,3.888879336443992418e+00,2.109611622108617190e+00,-9.389898758172639248e-02,-4.035367309954138818e+03,-2.408900676385007500e+03,1.002951715111638720e+02,-1.257598998596570112e+02,6.659763343373699627e+02,-6.512887765130158435e+00,9.730946302157431303e-08
3.355279503105590120e+05,3.915497418608235414e+00,2.123345447340459380e+00,-9.453389365199292571e-02,-4.062782211784175615e+03,-2.425303297344043585e+03,1.009766974896726452e+02,-1.273081842054877768e+02,6.727179764601395391e+02,-6.568186043207140834e+00,9.730946294720197476e-08
3.377950310559006175e+05,3.942115269298576585e+00,2.137080142322128395e+00,-9.516880707094614589e-02,-4.090197056132631587e+03,-2.441705883989558060e+03,1.016582220395359144e+02,-1.288558508192590182e+02,6.794564615113895343e+02,-6.623453843293606091e+00,9.730946287573739472e-08
3.400621118012422812e+05,3.968732892438025850e+00,2.150815689468627667e+00,-9.580372766940684071e-02,-4.117611843768153449e+03,-2.458108436779879867e+03,1.023397451798555124e+02,-1.304029108567879405e+02,6.861918525358860279e+02,-6.678691820993453376e+00,9.730946280703684200e-08
3.423291925465838867e+05,3.995350291848747126e+00,2.164552071728252258e+00,-9.643865528385439645e-02,-4.145026575444071568e+03,-2.474510956164217077e+03,1.030212669293526631e+02,-1.319493751722878017e+02,6.929242106824093526e+02,-6.733900610844854029e+00,9.730946274096521486e-08
3.445962732919254922e+05,4.021967471255535997e+00,2.178289272561097611e+00,-9.707358975618035624e-02,-4.172441251898803785e+03,-2.490913442582894277e+03,1.037027873063780277e+02,-1.334952543291614404e+02,6.996535952797548816e+02,-6.789080827216273484e+00,9.730946267739532599e-08
3.468633540372670977e+05,4.048584434289136169e+00,2.192027275918640328e+00,-9.770853093345499563e-02,-4.199855873856246035e+03,-2.507315896467587208e+03,1.043843063289214683e+02,-1.350405586103169071e+02,7.063800639089351989e+02,-6.844233065155261642e+00,9.730946261620745259e-08
3.491304347826087032e+05,4.075201184489422701e+00,2.205766066224328803e+00,-9.834347866770630497e-02,-4.227270442026151613e+03,-2.523718318241546058e+03,1.050658240146213700e+02,-1.365852980280310760e+02,7.131036724718114783e+02,-6.899357901192970211e+00,9.730946255728875399e-08
3.513975155279503088e+05,4.101817725308447571e+00,2.219505628355138427e+00,-9.897843281571058749e-02,-4.254684957104496789e+03,-2.540120708319815549e+03,1.057473403807737924e+02,-1.381294823333840611e+02,7.198244752563673501e+02,-6.954455894107152147e+00,9.730946250053290108e-08
3.536645962732919725e+05,4.128434060113359116e+00,2.233245947624011851e+00,-9.961339323879392360e-02,-4.282099419773835507e+03,-2.556523067109442309e+03,1.064288554443412664e+02,-1.396731210252868323e+02,7.265425249988173846e+02,-7.009527585646178061e+00,9.730946244583952045e-08
3.559316770186335780e+05,4.155050192189202463e+00,2.246987009763155019e+00,-1.002483598026436551e-01,-4.309513830703641361e+03,-2.572925395009683143e+03,1.071103692219612782e+02,-1.412162233591225515e+02,7.332578729427367534e+02,-7.064573501216446338e+00,9.730946239311387677e-08
3.581987577639751835e+05,4.181666124741597379e+00,2.260728800908120562e+00,-1.008833323771297918e-01,-4.336928190550641375e+03,-2.589327692412199667e+03,1.077918817299545822e+02,-1.427587983550215824e+02,7.399705688953822573e+02,-7.119594150535390575e+00,9.730946234226646248e-08
3.604658385093167890e+05,4.208281860899312221e+00,2.274471307582653701e+00,-1.015183108361350228e-01,-4.364342499959135239e+03,-2.605729959701250664e+03,1.084733929843331595e+02,-1.443008548057880205e+02,7.466806612813624042e+02,-7.174590028252121776e+00,9.730946229321274633e-08
3.627329192546583945e+05,4.234897403716741948e+00,2.288214516684235811e+00,-1.021532950573935117e-01,-4.391756759561309991e+03,-2.622132197253877621e+03,1.091549030008079200e+02,-1.458424012844957360e+02,7.533881971938083097e+02,-7.229561614537622027e+00,9.730946224587272342e-08
3.650000000000000000e+05,4.261512756176260019e+00,2.301958415470305663e+00,-1.027882849223375333e-01,-4.419170969977538334e+03,-2.638534405440084811e+03,1.098364117947962768e+02,-1.473834461517698742e+02,7.600932224431825261e+02,-7.284509375646272211e+00,9.730946220017074311e-08
