# N, dt, tmax
# 3, 1689.8148148148148, 365000
# t, xSun, ySun, zSun, xJup, yJup, zJup, xSat, ySat, zSat E
0.000000000000000000e+00,-5.170151348210463502e-03,-3.199338259971517759e-03,1.635266715080669990e-04,2.656108531185689348e+00,4.247624964374128176e+00,-7.703558120299193457e-02,9.214417335570990630e+00,-2.995248118946571392e+00,-3.147370095891919850e-01,-3.155910129732769618e-08
1.697674418604651237e+03,1.433596391941499223e-02,4.048992592872186630e-04,-2.581734029536442978e-04,-1.720965228396508451e+01,-2.621869066129637549e+00,3.959946987927529527e-01,7.330744690915568462e+00,7.340522287622678554e+00,-4.194856945698683948e-01,5.130012028461283893e-08
3.395348837209302474e+03,3.280203377683409138e-02,6.535548752864925315e-03,-7.067195934083678752e-04,-3.449684000618150748e+01,-1.096624247396801088e+01,8.174544498093333500e-01,4.729565630109850982e-01,1.376468289381532450e+01,-2.580814381540051938e-01,4.969606376649266132e-08
5.093023255813954165e+03,5.080470691278484580e-02,1.354260455114519868e-02,-1.164305224097982169e-03,-5.119239772222387330e+01,-1.912438363792010776e+01,1.224902819943965548e+00,-6.739838008824706073e+00,1.650108686642364830e+01,-1.825913651770634527e-02,4.958738261438227414e-08
6.790697674418604947e+03,6.830854780398352977e-02,2.109469831344160107e-02,-1.617153568115303145e-03,-6.762506187909498578e+01,-2.718436109673957901e+01,1.626061045025470886e+00,-1.308572068577472969e+01,1.700303570893894545e+01,2.260004300396460941e-01,4.955745626308706834e-08
8.488372093023255729e+03,8.537201821624090803e-02,2.898373805102755912e-02,-2.061538889836045906e-03,-8.391077181107993965e+01,-3.518526739353903565e+01,2.023685730250344150e+00,-1.838196522454223825e+01,1.612902159600368179e+01,4.524573808035815548e-01,4.954630644742149440e-08
1.018604651162790833e+04,1.020541542856582412e-01,3.709134709002336050e-02,-2.496613311282028756e-03,-1.001026626033173414e+02,-4.314683197272652393e+01,2.419047772163597898e+00,-2.265761730379846739e+01,1.435903245956621888e+01,6.539010350786975678e-01,4.954145433263233897e-08
1.188372093023255911e+04,1.183990153257114819e-01,4.534603151232137475e-02,-2.922264034488964574e-03,-1.162294318698166933e+02,-5.108032562200516935e+01,2.812836118523758699e+00,-2.597095207866938438e+01,1.198080452063155121e+01,8.276357675994855390e-01,4.953903620057217015e-08
1.358139534883720989e+04,1.344370233478104082e-01,5.370052719847574763e-02,-3.338501948314807552e-03,-1.323083335979707726e+02,-5.899278106878279715e+01,3.205466048928935496e+00,-2.837076122644518250e+01,9.183161010904836274e+00,9.723126577043735841e-01,4.953763135710462523e-08
1.527906976744186068e+04,1.501879755484148427e-01,6.212041026849293712e-02,-3.745269626622392718e-03,-1.483505525054060001e+02,-6.688887960368295182e+01,3.597207269301702315e+00,-2.988894085345875240e+01,6.102155134527933456e+00,1.086830020519189643e+00,4.953663677867740686e-08
1.697674418604651146e+04,1.656632600870229788e-01,7.057788182226429341e-02,-4.142366780293623742e-03,-1.643637545676624825e+02,-7.477189424548238605e+01,3.988244901062015124e+00,-3.053972387226543717e+01,2.845961746177701368e+00,1.169868930662967488e+00,4.953574971620123454e-08
1.867441860465116406e+04,1.808671281858111879e-01,7.904783132450268757e-02,-4.529403500485111242e-03,-1.803534246013986717e+02,-8.264420335321304378e+01,4.378711544714646742e+00,-3.031966247119931879e+01,-4.896365651814265085e-01,1.219622572172712971e+00,4.953477207859079393e-08
2.037209302325581666e+04,1.957971670342470716e-01,8.750470204858899759e-02,-4.905748055167490074e-03,-1.963236230634176422e+02,-9.050758967490949658e+01,4.768705456272678944e+00,-2.920675471202474327e+01,-3.809285699381486534e+00,1.233552917665020843e+00,4.953351107928053521e-08
2.206976744186046562e+04,2.104440634087542117e-01,9.591913947101324278e-02,-5.270449158309171295e-03,-2.122774405852927657e+02,-9.836342406240041214e+01,5.158301480995129751e+00,-2.715809952888574941e+01,-7.005722218049971417e+00,1.208082300590587188e+00,4.953168539975270483e-08
2.376744186046511822e+04,2.247906725210306322e-01,1.042532442365295409e-01,-5.622109885213628228e-03,-2.282172844530298903e+02,-1.062127834008844331e+02,5.547557953407698861e+00,-2.410568264638547831e+01,-9.942773894424407288e+00,1.138129313602306736e+00,4.952874435848758122e-08
2.546511627906976719e+04,2.388104726857942228e-01,1.124522800240653209e-01,-5.958677477628384657e-03,-2.441450664946074767e+02,-1.140565291336174596e+02,5.936521227530058731e+00,-1.995034332881368755e+01,-1.242609078454789717e+01,1.016358396456289226e+00,4.952333693548071066e-08
2.716279069767441979e+04,2.524663033075417173e-01,1.204277901920537130e-01,-6.277095979883576954e-03,-2.600623304910258184e+02,-1.218953611947063393e+02,6.325228751737502542e+00,-1.455693419391726806e+01,-1.414390554084056717e+01,8.319544548645447790e-01,4.951126337195401156e-08
2.886046511627907239e+04,2.657153069948785529e-01,1.280185209978803862e-01,-6.572819820212171329e-03,-2.759703410698961648e+02,-1.297298560494136552e+02,6.713711215758766393e+00,-7.771312291434400166e+00,-1.453021212600400069e+01,5.689141515998847876e-01,4.947529290400688312e-08
3.055813953488372135e+04,2.785577808044296666e-01,1.348919121296938695e-01,-6.840039931089943875e-03,-2.918701472654753957e+02,-1.375604941506362593e+02,7.101994086871084910e+00,4.089869632123015464e-01,-1.242007877569496621e+01,2.068317657896973083e-01,4.933400178557507605e-08
3.225581395348837395e+04,2.913744091387567847e-01,1.403712372754987447e-01,-7.082094746311813280e-03,-3.077626289458210067e+02,-1.453876801604543232e+02,7.490098732708962537e+00,8.655232631698501322e+00,-5.444902001254280144e+00,-2.426859155958191183e-01,4.931504652622988247e-08
3.395348837209302292e+04,3.057970262377006088e-01,1.445743255473036226e-01,-7.365985618581647083e-03,-3.236485313678639386e+02,-1.532117581128904078e+02,7.878043257438187119e+00,1.126160501984186091e+01,5.984289996512389465e+00,-5.453223604707040373e-01,5.097217912134603489e-08
3.565116279069767916e+04,3.214340936620354028e-01,1.492717771692120554e-01,-7.706976841073570964e-03,-3.395284913363968258e+02,-1.610330229705209319e+02,8.265843134959979466e+00,9.599869104988183466e+00,1.567475717218180087e+01,-6.477333254796544537e-01,5.123395816649548336e-08
3.734883720930232812e+04,3.374191806349800538e-01,1.545191169080838700e-01,-8.071530990016936857e-03,-3.554030573111633089e+02,-1.688517295479203995e+02,8.653511695598872677e+00,6.702712614634457999e+00,2.343311976414116060e+01,-6.672803785773662177e-01,5.124038988696895839e-08
3.904651162790697708e+04,3.535060778866777609e-01,1.601440402779591710e-01,-8.446831941499453184e-03,-3.712727050466270384e+02,-1.766680994830446707e+02,9.041060505000430680e+00,3.432987598528336459e+00,2.986285523999381653e+01,-6.488341486336743902e-01,5.123661194409519637e-08
4.074418604651163332e+04,3.696164430738962947e-01,1.660298995662566612e-01,-8.827718020846234484e-03,-3.871378499099965325e+02,-1.844823267619903788e+02,9.428499662773257128e+00,6.613020488091347904e-02,3.537265611230323259e+01,-6.104843886138596742e-01,5.123421967565167358e-08
4.244186046511628228e+04,3.857213418720945586e-01,1.721061037710551744e-01,-9.211798527649556201e-03,-4.029988566971222781e+02,-1.922945821399165993e+02,9.815838040489536453e+00,-3.295426194596225766e+00,4.021002662159645524e+01,-5.606236227286794938e-01,5.123289959720912636e-08
4.413953488372093125e+04,4.018090862260885743e-01,1.783280917658160991e-01,-9.597824067925270902e-03,-4.188560475303925728e+02,-2.001050167117034562e+02,1.020308347323592280e+01,-6.609719818606694552e+00,4.453135040525826582e+01,-5.036485167581638001e-01,5.123214521211137842e-08
4.583720930232558021e+04,4.178748875515554961e-01,1.846661030204661547e-01,-9.985078745628858665e-03,-4.347097082716458090e+02,-2.079137648215187824e+02,1.059024291519040162e+01,-9.859044988528983922e+00,4.844118128335156825e+01,-4.420865686003586648e-01,5.123169011207895510e-08
4.753488372093023645e+04,4.339169933074825680e-01,1.910992572357548269e-01,-1.037312303353021999e-02,-4.505600937731883846e+02,-2.157209464529915408e+02,1.097732256704317599e+01,-1.303641995935190678e+01,5.201296123446643804e+01,-3.774959955816759583e-01,5.123140116623596256e-08
4.923255813953488541e+04,4.499350690385300888e-01,1.976122994842747782e-01,-1.076167252414305525e-02,-4.664074322108271531e+02,-2.235266692074654316e+02,1.136432798116594967e+01,-1.613991268042934735e+01,5.530041280414567950e+01,-3.108902263070046357e-01,5.123120937679975554e-08
5.093023255813953438e+04,4.659294604728766442e-01,2.041937104063004660e-01,-1.115053552870364124e-02,-4.822519286850858293e+02,-2.313310299527209963e+02,1.175126414903768080e+01,-1.917004751685544761e+01,5.834415532325173359e+01,-2.429564772660509631e-01,5.123107715384888254e-08
5.262790697674419062e+04,4.819008354234615710e-01,2.108345517625307419e-01,-1.153957862854582475e-02,-4.980937682341530603e+02,-2.391341162059442524e+02,1.213813557440378155e+01,-2.212854252343576889e+01,6.117574789149867343e+01,-1.741765016936433208e-01,5.123098300000865744e-08
5.432558139534883958e+04,4.978500023476692959e-01,2.175277292783648342e-01,-1.192870654442165779e-02,-5.139331183702857970e+02,-2.469360073007645155e+02,1.252494633487563647e+01,-2.501766627804297727e+01,6.382027191496850804e+01,-1.048972143080830755e-01,5.123091407040897483e-08
5.602325581395348854e+04,5.137778160042874021e-01,2.242675037218681555e-01,-1.231784980924283991e-02,-5.297701312273886742e+02,-2.547367753776132986e+02,1.291170013409626449e+01,-2.783990068803692353e+01,6.629804470886489298e+01,-3.537398744510414361e-02,5.123086238698918327e-08
5.772093023255814478e+04,5.296851280244136984e-01,2.310491558837245996e-01,-1.270695691891975815e-02,-5.456049453892044312e+02,-2.625364862285731533e+02,1.329840034615523514e+01,-3.059776197661551222e+01,6.862579425072487993e+01,3.420174349950065584e-02,5.123082282266392860e-08
5.941860465116279374e+04,5.455727614361344235e-01,2.378687504723778212e-01,-1.309598916707024885e-02,-5.614376874534974604e+02,-2.703352000216517581e+02,1.368505005359559235e+01,-3.329370634347655056e+01,7.081748751633612926e+01,1.036842844569686312e-01,5.123079198199899195e-08
6.111627906976744271e+04,5.614414982665726361e-01,2.447229656097583139e-01,-1.348491714885233922e-02,-5.772684733767173384e+02,-2.781329719245674141e+02,1.407165208009165802e+01,-3.593008210451124995e+01,7.288492900304112254e+01,1.729613436234176405e-01,5.123076755573942756e-08
6.281395348837209895e+04,5.772920743766576379e-01,2.516089670448664606e-01,-1.387371833640021861e-02,-5.930974096351222897e+02,-2.859298526443327546e+02,1.445820901867034891e+01,-3.850910774526603575e+01,7.483820254456915677e+01,2.419454558504043895e-01,5.123074793575022462e-08
6.451162790697674791e+04,5.931251782998571143e-01,2.585243135962159711e-01,-1.426237536152240130e-02,-6.089245942316398441e+02,-2.937258888959236742e+02,1.484472325618633270e+01,-4.103286449585356621e+01,7.668600364754244936e+01,3.105678936168678739e-01,5.123073197821458182e-08
6.620930232558140415e+04,6.089414522634717386e-01,2.654668848751571275e-01,-1.465087477662907478e-02,-6.247501175724340783e+02,-3.015211238109358192e+02,1.523119699463260268e+01,-4.350329697585407018e+01,7.843589368694253494e+01,3.787742614608444747e-01,5.123071885397248973e-08
6.790697674418604583e+04,6.247414943502372919e-01,2.724348252121513991e-01,-1.503920614599994071e-02,-6.405740632329107029e+02,-3.093155972952241655e+02,1.561763226976533225e+01,-4.592221819738509225e+01,8.009449725174252421e+01,4.465212549435044753e-01,5.123070795157298585e-08
6.960465116279070207e+04,6.405258611995655604e-01,2.794264995691461140e-01,-1.542736136960330857e-02,-6.563965086294913363e+02,-3.171093463429855888e+02,1.600403096743938747e+01,-4.829131677060741623e+01,8.166765741656368505e+01,5.137742407452904336e-01,5.123069881305698035e-08
7.130232558139535831e+04,6.562950709027897123e-01,2.864404584561356382e-01,-1.581533417341943540e-02,-6.722175256107387895e+02,-3.249024053135017880e+02,1.639039483798422836e+01,-5.061216505723725589e+01,8.316055939113115869e+01,5.805054257546172769e-01,5.123069109054952413e-08
7.300000000000000000e+04,6.720496058961757946e-01,2.934754097066716305e-01,-1.620311972080416829e-02,-6.880371809791848818e+02,-3.326948061757476580e+02,1.677672550889583292e+01,-5.288622754769601642e+01,8.457783006915870772e+01,6.466924551912326402e-01,5.123068451637076886e-08
7.469767441860465624e+04,6.877899157438154276e-01,3.005301955447132745e-01,-1.659071431305642053e-02,-7.038555369533910380e+02,-3.404865787252434188e+02,1.716302449607598390e+01,-5.511486905267127412e+01,8.592361897492516221e+01,7.123173276245577945e-01,5.123067888210417493e-08
7.639534883720931248e+04,7.035164197549731435e-01,3.076037737808925976e-01,-1.697811515654722853e-02,-7.196726515782744400e+02,-3.482777507768475402e+02,1.754929321381414198e+01,-5.729936248837758939e+01,8.720166468441458107e+01,7.773655470305389503e-01,5.123067402370798163e-08
7.809302325581395417e+04,7.192295094115450649e-01,3.146952022656861470e-01,-1.736532018007820588e-02,-7.354885790905022986e+02,-3.560683483366256610e+02,1.793553298367702098e+01,-5.944089614763498730e+01,8.841534978361016783e+01,8.418254542037406640e-01,5.123066981077253980e-08
7.979069767441861040e+04,7.349295505994808408e-01,3.218036259364364104e-01,-1.775232789053602864e-02,-7.513033702447346514e+02,-3.638583957554631638e+02,1.832174504244628821e+01,-6.154058041596060491e+01,8.956774669228042285e+01,9.056876953116286266e-01,5.123066613866543779e-08
8.148837209302326664e+04,7.506168856484203289e-01,3.289282659487710592e-01,-1.813913725802008409e-02,-7.671170726056458307e+02,-3.716479158667018510e+02,1.870793054922426890e+01,-6.359945393107238942e+01,9.066165614299221431e+01,9.689447963278545739e-01,5.123066292271756662e-08
8.318604651162790833e+04,7.662918351894458802e-01,3.360684104969808295e-01,-1.852574762384912727e-02,-7.829297308099444308e+02,-3.794369301097541438e+02,1.909409059181008672e+01,-6.561848920634892579e+01,9.169963970515003382e+01,1.031590819934848691e+00,5.123066009387033008e-08
8.488372093023256457e+04,7.819546998436357477e-01,3.432234070135193327e-01,-1.891215862646886126e-02,-7.987413868020197469e+02,-3.872254586413756101e+02,1.948022619243444353e+01,-6.759859775049950770e+01,9.268404744352200453e+01,1.093621087187821805e+00,5.123065759538206968e-08
8.658139534883720626e+04,7.976057617551509660e-01,3.503926555027179757e-01,-1.929837014146762453e-02,-8.145520800463368687e+02,-3.950135204360465195e+02,1.986633831292890306e+01,-6.954063472105859489e+01,9.361704157279476135e+01,1.155031950418849318e+00,5.123065538031107975e-08
8.827906976744186250e+04,8.132452859826317937e-01,3.575756028135558262e-01,-1.968438223278548560e-02,-8.303618477192817409e+02,-4.028011333767169049e+02,2.025242785939536461e+01,-7.144540315086837268e+01,9.450061679504536016e+01,1.215820606966052209e+00,5.123065340957425426e-08
8.997674418604651873e+04,8.288735217621410190e-01,3.647717376947722245e-01,-2.007019511285916546e-02,-8.461707248827987087e+02,-4.105883143370052153e+02,2.063849568643260923e+01,-7.331365778603392869e+01,9.533661787195900672e+01,1.275984945640238788e+00,5.123065165043673441e-08
9.167441860465116042e+04,8.444907036540485468e-01,3.719805865055871852e-01,-2.045580910994094365e-02,-8.619787446418542913e+02,-4.183750792557987097e+02,2.102454260096943628e+01,-7.514610857191146920e+01,9.612675487829018550e+01,1.335523419600987305e+00,5.123065007532709484e-08
9.337209302325581666e+04,8.600970525852742465e-01,3.792017094788517895e-01,-2.084122464120737386e-02,-8.777859382875049050e+02,-4.261614432050835148e+02,2.141056936574754843e+01,-7.694342382113356393e+01,9.687261650026158577e+01,1.394434940655801647e+00,5.123064866090084283e-08
9.506976744186047290e+04,8.756927767972861876e-01,3.864346974520981304e-01,-2.122644219056315021e-02,-8.935923354271186554e+02,-4.339474204517289309e+02,2.179657670249188683e+01,-7.870623309485910113e+01,9.757568167701440132e+01,1.452718791027112655e+00,5.123064738729495650e-08
9.676744186046511459e+04,8.912780727092510791e-01,3.936791689968254238e-01,-2.161146229026920246e-02,-9.093979641031127130e+02,-4.417330245138611531e+02,2.218256529480154526e+01,-8.043512982558596036e+01,9.823732983091636584e+01,1.510374549430280489e+00,5.123064623753019720e-08
9.846511627906977083e+04,9.068531257047987015e-01,4.009347678882958510e-01,-2.199628550569834168e-02,-9.252028509013988469e+02,-4.495182682123858058e+02,2.256853579079024996e+01,-8.213067370711134174e+01,9.885884989053739957e+01,1.567402028928247759e+00,5.123064519702899556e-08
1.001627906976744271e+05,9.224181108499680537e-01,4.082011608677446057e-01,-2.238091242265800862e-02,-9.410070210505922432e+02,-4.573031637181518363e+02,2.295448880550206283e+01,-8.379339287463916719e+01,9.944144827617270721e+01,1.623801224517062769e+00,5.123064425322410903e-08
1.018604651162790688e+05,9.379731935491317785e-01,4.154780356567392419e-01,-2.276534363682718165e-02,-9.568104985129107263e+02,-4.650877225951917353e+02,2.334042492312486416e+01,-8.542378589565102232e+01,9.998625599021873711e+01,1.679572268782295152e+00,5.123064339523925076e-08
1.035581395348837250e+05,9.535185301449403683e-01,4.227650991898185273e-01,-2.314957974493959611e-02,-9.726133060675863362e+02,-4.728719558404240502e+02,2.372634469902158472e+01,-8.702232358998678308e+01,1.004943349321714550e+02,1.734715394272834166e+00,5.123064261362684025e-08
1.052558139534883812e+05,9.690542684677065921e-01,4.300620760367916962e-01,-2.353362133741321305e-02,-9.884154653875185659e+02,-4.806558739201594790e+02,2.411224866159697200e+01,-8.858945069562248875e+01,1.009666835395018154e+02,1.789230901483325198e+00,5.123064190015171878e-08
1.069534883720930229e+05,9.845805483390517310e-01,4.373687069904110825e-01,-2.391746899218023109e-02,-1.004216997109813860e+03,-4.884394868037149990e+02,2.449813731401552630e+01,-9.012558739487393211e+01,1.014042418403744534e+02,1.843119131533019317e+00,5.123064124761179681e-08
1.086511627906976792e+05,1.000097502034129393e+00,4.446847477987316832e-01,-2.430112326951552187e-02,-1.020017920900790500e+03,-4.962228039944064903e+02,2.488401113578473201e+01,-9.163113071418355560e+01,1.018078959914911934e+02,1.896380442787358733e+00,5.123064064968872471e-08
1.103488372093023354e+05,1.015605254706272387e+00,4.520099680244568097e-01,-2.468458470769674395e-02,-1.035818255515959663e+03,-5.040058345581617232e+02,2.526987058421596544e+01,-9.310645580924651199e+01,1.021784823637683530e+02,1.949015190797150687e+00,5.123064010082279660e-08
1.120465116279069771e+05,1.031103924777511560e+00,4.593441500160828639e-01,-2.506785381935792284e-02,-1.051618018855443552e+03,-5.117885871499693735e+02,2.565571609577435552e+01,-9.455191714598524300e+01,1.025167912297069961e+02,2.001023711034814134e+00,5.123063959610805058e-08
1.137441860465116333e+05,1.046593624298040037e+00,4.666870879777580416e-01,-2.545093108842180069e-02,-1.067417228015238379e+03,-5.195710700383579024e+02,2.604154808732747739e+01,-9.596784958677287136e+01,1.028235700988759618e+02,2.052406303992732717e+00,5.123063913120362148e-08
1.154418604651162896e+05,1.062074459277384086e+00,4.740385871265418993e-01,-2.583381696751517118e-02,-1.083215899334694313e+03,-5.273532911280780127e+02,2.642736695730190277e+01,-9.735456939032110313e+01,1.030995267416500809e+02,2.103163222278959132e+00,5.123063870225868575e-08
1.171395348837209312e+05,1.077546529989749091e+00,4.813984629272638482e-01,-2.621651187578709005e-02,-1.099014048440540137e+03,-5.351352579811436954e+02,2.681317308675567190e+01,-9.871237513277240794e+01,1.033453319360278471e+02,2.153294659403380606e+00,5.123063830584884800e-08
1.188372093023255875e+05,1.093009931255759959e+00,4.887665403964474020e-01,-2.659901619706296974e-02,-1.114811690287748434e+03,-5.429169778363742580e+02,2.719896684037382784e+01,-1.000415485567583289e+02,1.035616219678323233e+02,2.202800739995256052e+00,5.123063793892154047e-08
1.205348837209302437e+05,1.108464752702585043e+00,4.961426534678652356e-01,-2.698133027827790895e-02,-1.130608839197515636e+03,-5.506984576275611971e+02,2.758474856739367453e+01,-1.013423553544932503e+02,1.037490009107419695e+02,2.251681511232735300e+00,5.123063759874962807e-08
1.222325581395348854e+05,1.123911079004233482e+00,5.035266444132132646e-01,-2.736345442814165987e-02,-1.146405508892591115e+03,-5.584797040003772963e+02,2.797051860246549637e+01,-1.026150458903567255e+02,1.039080427092972485e+02,2.299936935297957064e+00,5.123063728289139277e-08
1.239302325581395417e+05,1.139348990103637327e+00,5.109183633121989754e-01,-2.774538891599491464e-02,-1.162201712530179293e+03,-5.662607233281281651e+02,2.835627726645417468e+01,-1.038598558678681911e+02,1.040392930851939752e+02,2.347566882698888691e+00,5.123063698915613603e-08
1.256279069767441979e+05,1.154778561417968863e+00,5.183176675670235767e-01,-2.812713397082265004e-02,-1.177997462732609165e+03,-5.740415217264429657e+02,2.874202486718644778e+01,-1.050770069454681703e+02,1.041432712847333164e+02,2.394571126322114107e+00,5.123063671557443347e-08
1.273255813953488396e+05,1.170199864028499182e+00,5.257244214568340679e-01,-2.850868978039542909e-02,-1.193792771615952688e+03,-5.818221050669859551e+02,2.912776170014819144e+01,-1.062667073050815958e+02,1.042204716831892028e+02,2.440949336100104894e+00,5.123063646037236648e-08
1.290232558139534958e+05,1.185612964856180840e+00,5.331384957282351289e-01,-2.889005649051376579e-02,-1.209587650816753694e+03,-5.896024789902693328e+02,2.951348804913570234e+01,-1.074291521770480955e+02,1.042713652600269540e+02,2.486701074192784411e+00,5.123063622194924794e-08
1.307209302325581521e+05,1.201017926824018867e+00,5.405597672183981572e-01,-2.927123420433432044e-02,-1.225382111517014664e+03,-5.973826489176335599e+02,2.989920418686453729e+01,-1.085645243246524529e+02,1.042964009573201167e+02,2.531825790596869297e+00,5.123063599885802131e-08
1.324186046511628083e+05,1.216414809007190012e+00,5.479881185076941330e-01,-2.965222298175952675e-02,-1.241176164467577337e+03,-6.051626200624634748e+02,3.028491037553924414e+01,-1.096729944911740802e+02,1.042960069323300871e+02,2.576322819108041173e+00,5.123063578978834648e-08
1.341162790697674500e+05,1.231803666771786210e+00,5.554234375991163875e-01,-3.003302283887498980e-02,-1.256969820010016520e+03,-6.129423974406932984e+02,3.067060686738687636e+01,-1.107547218120908070e+02,1.042705917140065282e+02,2.620191373570776694e+00,5.123063559355169064e-08
1.358139534883720917e+05,1.247184551902963401e+00,5.628656176220557805e-01,-3.041363374742084985e-02,-1.272763088097163518e+03,-6.207219858806587354e+02,3.105629390515712629e+01,-1.118098541948176177e+02,1.042205452721102716e+02,2.663430544358897922e+00,5.123063540906828530e-08
1.375116279069767625e+05,1.262557512723214259e+00,5.703145565582529164e-01,-3.079405563428531251e-02,-1.288555978312357183e+03,-6.285013900323399412e+02,3.144197172259146456e+01,-1.128385286681306781e+02,1.041462400067333078e+02,2.706039295036938519e+00,5.123063523535566490e-08
1.392093023255814041e+05,1.277922594201402973e+00,5.777701569879785115e-01,-3.117428838100989516e-02,-1.304348499887518301e+03,-6.362806143760434452e+02,3.182764054486359129e+01,-1.138408717032192357e+02,1.040480316651760972e+02,2.748016459158313385e+00,5.123063507151857516e-08
1.409069767441860458e+05,1.293279838053149389e+00,5.852323258546988649e-01,-3.155433182329723391e-02,-1.320140661720130538e+03,-6.440596632305607727e+02,3.221330058899332016e+01,-1.148169995081188830e+02,1.039262601924235554e+02,2.789360737161311388e+00,5.123063491674001971e-08
1.426046511627907166e+05,1.308629282833087437e+00,5.927009742466570197e-01,-3.193418575051332892e-02,-1.335932472389209352e+03,-6.518385407608437845e+02,3.259895206423570357e+01,-1.157670182971090327e+02,1.037812505208272285e+02,2.830070693328166964e+00,5.123063477027339196e-08
1.443023255813953583e+05,1.323970964019475671e+00,6.001760171939596322e-01,-3.231384990517702227e-02,-1.351723940170326614e+03,-6.596172509852276562e+02,3.298459517244727834e+01,-1.166910245365009757e+02,1.036133133040394654e+02,2.870144752776034647e+00,5.123063463143552013e-08
1.460000000000000000e+05,1.339304914091586918e+00,6.076573734799014526e-01,-3.269332398243013360e-02,-1.367515073049761440e+03,-6.673957977822364001e+02,3.337023010843090276e+01,-1.175891051681008435e+02,1.034227455997476568e+02,2.909581198451716588e+00,5.123063449960045348e-08
1.476976744186046708e+05,1.354631162600270500e+00,6.151449654653786681e-01,-3.307260762948241450e-02,-1.383305878737834064e+03,-6.751741848969960529e+02,3.375585706026077304e+01,-1.184613378115009255e+02,1.032098315053139856e+02,2.948378168104495156e+00,5.123063437419388383e-08
1.493953488372093125e+05,1.369949736232030091e+00,6.226387189253577148e-01,-3.345170044502576712e-02,-1.399096364681479827e+03,-6.829524159472864540e+02,3.414147620958887330e+01,-1.193077909462333821e+02,1.029748427500325647e+02,2.986533651213524987e+00,5.123063425468836111e-08
1.510930232558139542e+05,1.385260658866931394e+00,6.301385628964604191e-01,-3.383060197861285923e-02,-1.414886538076115585e+03,-6.907304944292510527e+02,3.452708773193424463e+01,-1.201285240747095031e+02,1.027180392473641746e+02,3.024045485847972170e+00,5.123063414059882662e-08
1.527906976744186250e+05,1.400563951630624970e+00,6.376444295348185909e-01,-3.420931172999518849e-02,-1.430676405876844683e+03,-6.985084237227928270e+02,3.491269179695608926e+01,-1.209235878667658568e+02,1.024396696101953097e+02,3.060911355439466686e+00,5.123063403147876163e-08
1.544883720930232666e+05,1.415859632940721813e+00,6.451562539834233556e-01,-3.458782914841627282e-02,-1.446465974809044837e+03,-7.062862070966714327e+02,3.529828856871183973e+01,-1.216930242865430785e+02,1.021399716318868371e+02,3.097128785447580857e+00,5.123063392691664711e-08
1.561860465116279083e+05,1.431147718547758796e+00,6.526739742482735585e-01,-3.496615363185556768e-02,-1.462255251378378716e+03,-7.140638477133265951e+02,3.568387820590118054e+01,-1.224368667023348820e+02,1.018191727356259833e+02,3.132695139899877468e+00,5.123063382653288656e-08
1.578837209302325791e+05,1.446428221570930095e+00,6.601975310826840859e-01,-3.534428452621879435e-02,-1.478044241880265417e+03,-7.218413486334402478e+02,3.606946086209693902e+01,-1.231551399799614757e+02,1.014774903943687860e+02,3.167607617788725793e+00,5.123063372997698701e-08
1.595813953488372208e+05,1.461701152528770864e+00,6.677268678791736800e-01,-3.572222112447075160e-02,-1.493832952408846722e+03,-7.296187128202583381e+02,3.645503668596363411e+01,-1.238478605601432037e+02,1.011151325234568077e+02,3.201863249307509651e+00,5.123063363692508409e-08
1.612790697674418625e+05,1.476966519364922625e+00,6.752619305684050000e-01,-3.609996266570617007e-02,-1.509621388865479730e+03,-7.373959431436838940e+02,3.684060582146452845e+01,-1.245150365202759133e+02,1.007322978478081836e+02,3.235458891909074985e+00,5.123063354707765240e-08
1.629767441860465333e+05,1.492224327469116929e+00,6.828026675246934296e-01,-3.647750833415459859e-02,-1.525409556966787477e+03,-7.451730423841589754e+02,3.722616840805785898e+01,-1.251566676209386344e+02,1.003291762454176705e+02,3.268391226169355956e+00,5.123063346015754672e-08
1.646744186046511750e+05,1.507474579693466987e+00,6.903490294776462033e-01,-3.685485725811506186e-02,-1.541197462252291416e+03,-7.529500132363452849e+02,3.761172458088291393e+01,-1.257727453373961737e+02,9.990594906875065817e+01,3.300656751438993730e+00,5.123063337590813592e-08
1.663720930232558167e+05,1.522717276364158323e+00,6.979009694295258415e-01,-3.723200850881597246e-02,-1.556985110091655770e+03,-7.607268583126190151e+02,3.799727447093663812e+01,-1.263632528762936715e+02,9.946278944548051015e+01,3.332251781265521462e+00,5.123063329409173462e-08
1.680697674418604583e+05,1.537952415288590613e+00,7.054584425779717449e-01,-3.760896109919583535e-02,-1.572772505691563993e+03,-7.685035801463874350e+02,3.838281820524127852e+01,-1.269281651776757514e+02,9.899986255989574602e+01,3.363172438568291511e+00,5.123063321448814734e-08
1.697674418604651291e+05,1.553179991758017131e+00,7.130214062437434386e-01,-3.798571398260006809e-02,-1.588559654102250533e+03,-7.762801811952423350e+02,3.876835590700361678e+01,-1.274674489024007329e+02,9.851732591619210666e+01,3.393414650547748046e+00,5.123063313689335825e-08
1.714651162790697708e+05,1.568399998545700669e+00,7.205898198031736035e-01,-3.836226605138877421e-02,-1.604346560223709275e+03,-7.840566638439551070e+02,3.915388769576635042e+01,-1.279810624049580809e+02,9.801532958476281010e+01,3.422974143309980732e+00,5.123063306111840621e-08
1.731627906976744125e+05,1.583612425900591703e+00,7.281636446250512318e-01,-3.873861613545040439e-02,-1.620133228811596155e+03,-7.918330304073277830e+02,3.953941368755196351e+01,-1.284689556916361255e+02,9.749401643250831739e+01,3.451846436186626566e+00,5.123063298698835245e-08
1.748604651162790833e+05,1.598817261536511047e+00,7.357428440116717816e-01,-3.911476300061566408e-02,-1.635919664482845519e+03,-7.996092831329036699e+02,3.992493399499968376e+01,-1.289310703639245048e+02,9.695352233810213249e+01,3.480026835729225443e+00,5.123063291434141367e-08
1.765581395348837250e+05,1.614014490616801467e+00,7.433273831438194090e-01,-3.949070534696570017e-02,-1.651705871721014546e+03,-8.073854242035497464e+02,4.031044872749578900e+01,-1.293673395469746197e+02,9.639397639307269117e+01,3.507510429355964465e+00,5.123063284302806872e-08
1.782558139534883667e+05,1.629204095734395619e+00,7.509172290294601204e-01,-3.986644180702838408e-02,-1.667491854881374366e+03,-8.151614557399146861e+02,4.069595799129772473e+01,-1.297776878028766134e+02,9.581550108949072353e+01,3.534292078627467415e+00,5.123063277291045635e-08
1.799534883720930375e+05,1.644386056887231273e+00,7.585123504559472263e-01,-4.024197094385582874e-02,-1.683277618195759032e+03,-8.229373798027727389e+02,4.108146188965231715e+01,-1.301620310284473021e+02,9.521821249498718487e+01,3.560366412126808822e+00,5.123063270386182603e-08
1.816511627906976792e+05,1.659560351448904347e+00,7.661127179455513581e-01,-4.061729124897583976e-02,-1.699063165777188260e+03,-8.307131983952566543e+02,4.146696052290852208e+01,-1.305202763371555932e+02,9.460222041576767538e+01,3.585727817917278681e+00,5.123063263576596882e-08
1.833488372093023208e+05,1.674726954134468482e+00,7.737183037141526221e-01,-4.099240114020971659e-02,-1.714848501624275514e+03,-8.384889134649890821e+02,4.185245398862488031e+01,-1.308523219247424834e+02,9.396762854823525402e+01,3.610370435549607127e+00,5.123063256851676073e-08
1.850465116279069916e+05,1.689885836961221965e+00,7.813290816329314659e-01,-4.136729895934772305e-02,-1.730633629625433286e+03,-8.462645269061146109e+02,4.223794238167205606e+01,-1.311580569180196107e+02,9.331453461978372843e+01,3.634288147588293771e+00,5.123063250201797752e-08
1.867441860465116333e+05,1.705036969204340780e+00,7.889450271929216996e-01,-4.174198296967344263e-02,-1.746418553562887382e+03,-8.540400405612414261e+02,4.262342579433072842e+01,-1.314373612062534278e+02,9.264303051927750232e+01,3.657474570624446475e+00,5.123063243618305638e-08
1.884418604651162750e+05,1.720180317347164811e+00,7.965661174722924454e-01,-4.211645135332695022e-02,-1.762203277116509526e+03,-8.618154562232937224e+02,4.300890431638501354e+01,-1.316901052544606330e+02,9.195320241769262282e+01,3.679923045740023380e+00,5.123063237093476511e-08
1.901395348837209458e+05,1.735315845025929615e+00,8.041923311062411095e-01,-4.249070220849646140e-02,-1.777987803867478760e+03,-8.695907756372838548e+02,4.339437803521180115e+01,-1.319161498978547513e+02,9.124513087935405053e+01,3.701626628385599638e+00,5.123063230620540725e-08
1.918372093023255875e+05,1.750443512968716808e+00,8.118236482593808034e-01,-4.286473354642682254e-02,-1.793772137301780504e+03,-8.773660005020035442e+02,4.377984703586602677e+01,-1.321153461165903309e+02,9.051889096416945790e+01,3.722578077630743998e+00,5.123063224193665003e-08
1.935348837209302292e+05,1.765563278928346636e+00,8.194600506005311757e-01,-4.323854328823232424e-02,-1.809556280813552121e+03,-8.851411324716435729e+02,4.416531140116227050e+01,-1.322875347898532254e+02,8.977455232122655104e+01,3.742769844742694918e+00,5.123063217807976920e-08
1.952325581395349000e+05,1.780675097608931168e+00,8.271015212798131788e-01,-4.361212926150045271e-02,-1.825340237708282075e+03,-8.929161731573411771e+02,4.455077121175277455e+01,-1.324325464282381972e+02,8.901217927409105357e+01,3.762194061045317728e+00,5.123063211459582109e-08
1.969302325581395417e+05,1.795778920585745730e+00,8.347480449079613951e-01,-4.398548919667179952e-02,-1.841124011205871511e+03,-9.006911241286625227e+02,4.493622654620207157e+01,-1.325502008832394836e+02,8.823183089811487889e+01,3.780842525006209431e+00,5.123063205145601320e-08
1.986279069767441833e+05,1.810874696218068181e+00,8.423996075377826465e-01,-4.435862072317998256e-02,-1.856907604443564878e+03,-9.084659869150203804e+02,4.532167748105849370e+01,-1.326403070325552846e+02,8.743356109003896393e+01,3.798706688495252504e+00,5.123063198864210124e-08
2.003255813953488541e+05,1.825962369554568809e+00,8.500561966476836151e-01,-4.473152136533421058e-02,-1.872691020478755945e+03,-9.162407630070332516e+02,4.570712409092256223e+01,-1.327026624397702790e+02,8.661741863015222975e+01,3.815777642152919924e+00,5.123063192614701778e-08
2.020232558139534958e+05,1.841041882230813886e+00,8.577178011272017510e-01,-4.510418853792540900e-02,-1.888474262291675132e+03,-9.240154538578260599e+02,4.609256644851254237e+01,-1.327370529868315998e+02,8.578344723724742948e+01,3.832046099801034611e+00,5.123063186397552737e-08
2.037209302325581375e+05,1.856113172358385244e+00,8.653844112644837328e-01,-4.547661954153497249e-02,-1.904257332787966106e+03,-9.317900608842784322e+02,4.647800462472728356e+01,-1.327432524775706497e+02,8.493168561659652482e+01,3.847502381822539785e+00,5.123063180214506036e-08
2.054186046511628083e+05,1.871176174405065229e+00,8.730560187356466439e-01,-4.584881155752326687e-02,-1.920040234801154384e+03,-9.395645854682194340e+02,4.686343868870636697e+01,-1.327210222103443016e+02,8.406216750115143554e+01,3.862136397429991153e+00,5.123063174068682463e-08
2.071162790697674500e+05,1.886230819065496167e+00,8.807326165959803443e-01,-4.622076164267314990e-02,-1.935822971095014736e+03,-9.473390289575758061e+02,4.724886870788792947e+01,-1.326701105176714748e+02,8.317492168616259107e+01,3.875937625734866998e+00,5.123063167964689083e-08
2.088139534883720917e+05,1.901277033121639093e+00,8.884141992729268633e-01,-4.659246672346073481e-02,-1.951605544365843798e+03,-9.551133926674710892e+02,4.763429474806400776e+01,-1.325902522705246724e+02,8.226997205739566255e+01,3.888895095521371470e+00,5.123063161908768132e-08
2.105116279069767625e+05,1.916314739292305891e+00,8.961007625608079508e-01,-4.696392358992351745e-02,-1.967387957244638073e+03,-9.628876778812829116e+02,4.801971687343370121e+01,-1.324811683446946233e+02,8.134733761311775879e+01,3.900997363618965430e+00,5.123063155908959142e-08
2.122093023255814041e+05,1.931343856070950160e+00,9.037923036172392788e-01,-4.733512888909263694e-02,-1.983170212299187597e+03,-9.706618858516557111e+02,4.840513514665418882e+01,-1.323425650463806846e+02,8.040703248001803161e+01,3.912232491757391628e+00,5.123063149975289529e-08
2.139069767441860458e+05,1.946364297550823963e+00,9.114888209611986536e-01,-4.770607911795282652e-02,-1.998952312036084322e+03,-9.784360178014757139e+02,4.879054962888976377e+01,-1.321741334938633088e+02,7.944906592322399774e+01,3.922588021776234779e+00,5.123063144120001566e-08
2.156046511627907166e+05,1.961375973236510140e+00,9.191903144726958352e-01,-4.807677061588978146e-02,-2.014734258902652300e+03,-9.862100749248052125e+02,4.917596037985886426e+01,-1.319755489517856120e+02,7.847344235057468609e+01,3.932050949047944055e+00,5.123063138357805171e-08
2.173023255813953583e+05,1.976378787840742612e+00,9.268967853940055512e-01,-4.844719955658054189e-02,-2.030516055288801908e+03,-9.939840583877829658e+02,4.956136745787932796e+01,-1.317464701142038166e+02,7.748016131131504380e+01,3.940607693958576352e+00,5.123063132706180324e-08
2.190000000000000000e+05,1.991372641065288551e+00,9.346082363324104136e-01,-4.881736193927772860e-02,-2.046297703528812690e+03,-1.001757969329486968e+03,4.994677091991184170e+01,-1.314865383321559307e+02,7.646921748938409280e+01,3.948244071274022104e+00,5.123063127185719191e-08
2.206976744186046708e+05,2.006357427364565460e+00,9.423246712644068879e-01,-4.918725357943316834e-02,-2.062079205903046841e+03,-1.009531808862766638e+03,5.033217082160174272e+01,-1.311953767810377371e+02,7.544060069148167713e+01,3.954945257200960462e+00,5.123063121820522506e-08
2.223953488372093125e+05,2.021333035690490831e+00,9.500460955413130293e-01,-4.955687009860047093e-02,-2.077860564639598124e+03,-1.017305578075041467e+03,5.071756721731924245e+01,-1.308725895625591704e+02,7.439429583011717284e+01,3.960695753930910001e+00,5.123063116638670073e-08
2.240930232558139542e+05,2.036299349216909249e+00,9.577725158962191454e-01,-4.992620691354943824e-02,-2.093641781915875981e+03,-1.025079278029070565e+03,5.110296016019807297e+01,-1.305177607354738711e+02,7.333028290186875608e+01,3.965479351432191990e+00,5.123063111672746852e-08
2.257906976744186250e+05,2.051256245041757076e+00,9.655039404522021140e-01,-5.029525922451749675e-02,-2.109422859860133485e+03,-1.032852909763692878e+03,5.148834970217272655e+01,-1.301304532686196183e+02,7.224853696111482293e+01,3.969279086227996522e+00,5.123063106960469632e-08
2.274883720930232666e+05,2.066203593864902821e+00,9.732403787317258637e-01,-5.066402200251471366e-02,-2.125203800552935718e+03,-1.040626474294539321e+03,5.187373589401428831e+01,-1.297102079090685720e+02,7.114902808954184366e+01,3.972077196868550431e+00,5.123063102545396421e-08
2.291860465116279083e+05,2.081141259639369245e+00,9.809818416671147734e-01,-5.103248997558924860e-02,-2.140984606028574035e+03,-1.048399972614720582e+03,5.225911878536490462e+01,-1.292565419573488441e+02,7.003172136178690721e+01,3.973855075771143941e+00,5.123063098477781419e-08
2.308837209302325791e+05,2.096069099193372587e+00,9.887283416119927448e-01,-5.140065761394889410e-02,-2.156765278276428489e+03,-1.056173405695486053e+03,5.264449842477106500e+01,-1.287689479407491433e+02,6.889657680764082670e+01,3.974593217062761585e+00,5.123063094815525284e-08
2.325813953488372208e+05,2.110986961820301655e+00,9.964798923535320707e-01,-5.176851911382150673e-02,-2.172545819242281141e+03,-1.063946774486862978e+03,5.302987485971559067e+01,-1.282468921746383046e+02,6.774354937132125087e+01,3.974271160015597992e+00,5.123063091625328551e-08
2.342790697674418625e+05,2.125894688833401602e+00,1.004236509125346899e+00,-5.213606837992289245e-02,-2.188326230829580709e+03,-1.071720079918269676e+03,5.341524813664850058e+01,-1.276898132004989748e+02,6.657258886842924994e+01,3.972867427614913627e+00,5.123063088984014462e-08
2.359767441860465333e+05,2.140792113081551040e+00,1.011998208620810358e+00,-5.250329900638374403e-02,-2.204106514900662660e+03,-1.079493322899107397e+03,5.380061830101672626e+01,-1.270971200879677383e+02,6.538363994133008816e+01,3.970359459740386399e+00,5.123063086980080093e-08
2.376744186046511750e+05,2.155679058422008687e+00,1.019765009006552425e+00,-5.287020425596829221e-02,-2.219886673277923364e+03,-1.087266504319330579e+03,5.418598539729283914e+01,-1.264681905865607376e+02,6.417664201385555600e+01,3.966723540375213464e+00,5.123063085715524754e-08
2.393720930232558167e+05,2.170555339145543883e+00,1.027536929935815024e+00,-5.323677703739521788e-02,-2.235666707744956966e+03,-1.095039625049999131e+03,5.457134946900269767e+01,-1.258023691109106181e+02,6.295152924641713810e+01,3.961934718180062820e+00,5.123063085307999335e-08
2.410697674418604875e+05,2.185420759348687625e+00,1.035313992561296192e+00,-5.360300988054584465e-02,-2.251446620047647230e+03,-1.102812685943808219e+03,5.495671055875212829e+01,-1.250989645412062572e+02,6.170823049285430528e+01,3.955966719679921972e+00,5.123063085893339468e-08
2.427674418604651291e+05,2.200275112247190190e+00,1.043096219547017700e+00,-5.396889490931522371e-02,-2.267226411895224373e+03,-1.110585687835602130e+03,5.534206870825268965e+01,-1.243572478180609977e+02,6.044666926063042922e+01,3.948791854208701047e+00,5.123063087628563223e-08
2.444651162790697708e+05,2.215118179423913869e+00,1.050883635078658562e+00,-5.433442381182745917e-02,-2.283006084961284614e+03,-1.118358631542867670e+03,5.572742395834650608e+01,-1.235764493081778852e+02,5.916676367634184430e+01,3.940380909636549855e+00,5.123063090695432621e-08
2.461627906976744416e+05,2.229949730003467856e+00,1.058676264871665440e+00,-5.469958780769658413e-02,-2.298785640884772420e+03,-1.126131517866214153e+03,5.611277634903031952e+01,-1.227557559138615773e+02,5.786842645893896275e+01,3.930703037765160612e+00,5.123063095304684164e-08
2.478604651162790833e+05,2.244769519744777675e+00,1.066474136176307708e+00,-5.506437761196765479e-02,-2.314565081270933661e+03,-1.133904347589833606e+03,5.649812591947862472e+01,-1.218943078955561390e+02,5.655156490359092203e+01,3.919725628112971982e+00,5.123063101701084567e-08
2.495581395348837250e+05,2.259577290041477227e+00,1.074277277778644901e+00,-5.542878339531798204e-02,-2.330344407692231016e+03,-1.141677121481946870e+03,5.688347270806607270e+01,-1.209911953720631317e+02,5.521608087978115265e+01,3.907414168620601647e+00,5.123063110169497628e-08
2.512558139534883958e+05,2.274372766818507863e+00,1.082085719996160877e+00,-5.579279474003394357e-02,-2.346123621689231186e+03,-1.149449840295234935e+03,5.726881675238911384e+01,-1.200454544577828671e+02,5.386187084803037806e+01,3.893732091581311838e+00,5.123063121042150182e-08
2.529534883720930375e+05,2.289155659311515656e+00,1.089899494666509483e+00,-5.615640059120260985e-02,-2.361902724771462999e+03,-1.157222504767254577e+03,5.765415808928687369e+01,-1.190560629900681562e+02,5.248882590064481946e+01,3.878640602834849460e+00,5.123063134707424702e-08
2.546511627906976792e+05,2.303925658713525060e+00,1.097718635127486797e+00,-5.651958920246702434e-02,-2.377681718418244600e+03,-1.164995115620841716e+03,5.803949675486140336e+01,-1.180219357923864862e+02,5.109683183312940002e+01,3.862098491947072887e+00,5.123063151620506769e-08
2.563488372093023499e+05,2.318682436670850056e+00,1.105543176185879606e+00,-5.688234807558674444e-02,-2.393460604079485620e+03,-1.172767673564500683e+03,5.842483278449719108e+01,-1.169419194102145099e+02,4.968576925445139381e+01,3.844061920721564718e+00,5.123063172316313571e-08
2.580465116279069916e+05,2.333425643607236033e+00,1.113373154072307303e+00,-5.724466389291620050e-02,-2.409239383176460706e+03,-1.180540179292780294e+03,5.881016621288006974e+01,-1.158147862461361512e+02,4.825551374627032430e+01,3.824484186939693942e+00,5.123063197425317537e-08
2.597441860465116333e+05,2.348154906851631196e+00,1.121208606378468087e+00,-5.760652244175953895e-02,-2.425018057102559851e+03,-1.188312633486637651e+03,5.919549707401547067e+01,-1.146392280081101234e+02,4.680593608366920222e+01,3.803315459685547406e+00,5.123063227692935456e-08
2.614418604651163041e+05,2.362869828540701267e+00,1.129049571972340793e+00,-5.796790852937390437e-02,-2.440796627224012354e+03,-1.196085036813791703e+03,5.958082540124613757e+01,-1.134138483698414888e+02,4.533690253296695971e+01,3.780502481960682726e+00,5.123063264003446562e-08
2.631395348837209167e+05,2.377569983261999642e+00,1.136896090885784805e+00,-5.832880588716793380e-02,-2.456575094880588495e+03,-1.203857389929063402e+03,5.996615122726922920e+01,-1.121371547240429436e+02,4.384827524604039439e+01,3.755988235504050365e+00,5.123063307409628107e-08
2.648372093023256166e+05,2.392254915397431514e+00,1.144748204167591155e+00,-5.868919706236663814e-02,-2.472353461386278923e+03,-1.211629693474706528e+03,6.035147458415286792e+01,-1.108075488873475081e+02,4.233991277547056598e+01,3.729711561770450157e+00,5.123063359169662829e-08
2.665348837209302583e+05,2.406924136118949509e+00,1.152605953693247587e+00,-5.904906329507754459e-02,-2.488131728029951773e+03,-1.219401948080725788e+03,6.073679550335221222e+01,-1.094233165887711721e+02,4.081167074106562609e+01,3.701606731842759235e+00,5.123063420793382326e-08
2.682325581395349000e+05,2.421577119979007264e+00,1.160469381920401499e+00,-5.940838437827782037e-02,-2.503909896075989309e+03,-1.227174154365188542e+03,6.112211401572492520e+01,-1.079826155406778696e+02,3.926340268631428643e+01,3.671602956602030954e+00,5.123063494100529019e-08
2.699302325581395417e+05,2.436213301026682210e+00,1.168338531576041728e+00,-5.976713849772835596e-02,-2.519687966764904559e+03,-1.234946312934523121e+03,6.150743015154627358e+01,-1.064834618505596495e+02,3.769496117365128640e+01,3.639623826681678498e+00,5.123063581294641255e-08
2.716279069767441833e+05,2.450832068365963234e+00,1.176213445257594747e+00,-6.012530204817978507e-02,-2.535465941313937947e+03,-1.242718424383809861e+03,6.189274394052366546e+01,-1.049237144815076022e+02,3.610619918082588953e+01,3.605586669490283835e+00,5.123063685057356522e-08
2.733255813953488250e+05,2.465432761054674238e+00,1.184094164925122872e+00,-6.048284942143114518e-02,-2.551243820917636185e+03,-1.250490489297061913e+03,6.227805541181078297e+01,-1.033010574062490718e+02,3.449697187819204203e+01,3.569401807773924240e+00,5.123063808669649663e-08
2.750232558139535249e+05,2.480014662219876431e+00,1.191980731255198656e+00,-6.083975276078530670e-02,-2.567021606748413433e+03,-1.258262508247498999e+03,6.266336459402124603e+01,-1.016129790203913217e+02,3.286713888981213927e+01,3.530971700632335342e+00,5.123063956168871457e-08
2.767209302325581666e+05,2.494576992236875235e+00,1.199873182818309125e+00,-6.119598167514995329e-02,-2.582799299957094263e+03,-1.266034481797811168e+03,6.304867151524186397e+01,-9.985674828013142701e+01,3.121656717187161334e+01,3.490189943373483761e+00,5.123064132553777578e-08
2.784186046511628083e+05,2.509118900782325579e+00,1.207771555029910404e+00,-6.155150290437107208e-02,-2.598576901673440716e+03,-1.273806410500415495e+03,6.343397620304552476e+01,-9.802938690153305856e+01,2.954513468283069955e+01,3.446940096775594320e+00,5.123064344054547478e-08
2.801162790697674500e+05,2.523639457524788909e+00,1.215675878809500121e+00,-6.190627992523248246e-02,-2.614354413006664799e+03,-1.281578294897703927e+03,6.381927868450363661e+01,-9.612763679349048118e+01,2.785273507495868017e+01,3.401094308795114873e+00,5.123064598491633864e-08
2.818139534883720917e+05,2.538137641154795343e+00,1.223586178860544216e+00,-6.226027248474209908e-02,-2.630131835045921434e+03,-1.289350135522285655e+03,6.420457898619822856e+01,-9.414792168223097235e+01,2.613928371210260693e+01,3.352511681917945463e+00,5.123064905757400856e-08
2.835116279069767334e+05,2.552612326376210383e+00,1.231502471454542391e+00,-6.261343604361252480e-02,-2.645909168860790487e+03,-1.297121932897220404e+03,6.458987713423367438e+01,-9.208630160428239719e+01,2.440472542202556738e+01,3.301036326363557372e+00,5.123065278469382922e-08
2.852093023255814333e+05,2.567062268374301404e+00,1.239424761561332522e+00,-6.296572110789193377e-02,-2.661686415501743340e+03,-1.304893687536245579e+03,6.497517315424803996e+01,-8.993841857274976803e+01,2.264904453562449760e+01,3.246495022029049604e+00,5.123065732866486109e-08
2.869069767441860749e+05,2.581486084133473469e+00,1.247353039109796002e+00,-6.331707242002024283e-02,-2.677463576000595822e+03,-1.312665399943995681e+03,6.536046707142421042e+01,-8.769943122350788656e+01,2.087227796806734759e+01,3.188694388691081016e+00,5.123066290053575234e-08
2.886046511627907166e+05,2.595882229784669537e+00,1.255287274080443272e+00,-6.366742797146156263e-02,-2.693240651370946580e+03,-1.320437070616217397e+03,6.574575891050051268e+01,-8.536393557282407585e+01,1.907453238610112578e+01,3.127417432066251113e+00,5.123066977753009651e-08
2.903023255813953583e+05,2.610248972897567299e+00,1.263227410011724672e+00,-6.401671778643452937e-02,-2.709017642608603637e+03,-1.328208700039976520e+03,6.613104869578116052e+01,-8.292586809143661242e+01,1.725600692428203331e+01,3.062419289151121493e+00,5.123067832805234054e-08
2.920000000000000000e+05,2.624584358264133499e+00,1.271173355326070453e+00,-6.436486240852389018e-02,-2.724794550691998666e+03,-1.335980288693860075e+03,6.651633645114637261e+01,-8.037838601084492041e+01,1.541702352796656328e+01,2.993421934214298474e+00,5.123068904795081382e-08
2.936976744186046417e+05,2.638886165199415323e+00,1.279124971618784468e+00,-6.471177099664529586e-02,-2.740571376582589437e+03,-1.343751837048170273e+03,6.690162220006212124e+01,-7.771371795615029043e+01,1.355806792051579102e+01,2.920107518270491198e+00,5.123070261400883153e-08
2.953953488372093416e+05,2.653151853637601754e+00,1.287082057652378708e+00,-6.505733890008086329e-02,-2.756348121225249542e+03,-1.351523345565117097e+03,6.728690596558975301e+01,-7.492297538372591248e+01,1.167984559323900662e+01,2.842109886295976384e+00,5.123071996433241606e-08
2.970930232558139833e+05,2.667378495207622713e+00,1.295044327175855825e+00,-6.540144452789792284e-02,-2.772124785548648106e+03,-1.359294814699001336e+03,6.767218777039514066e+01,-7.199591147594662743e+01,9.783359396241605666e+00,2.759003626131938613e+00,5.123074242164850899e-08
2.987906976744186250e+05,2.681562683840712502e+00,1.303011377696301265e+00,-6.574394524580416677e-02,-2.787901370465617674e+03,-1.367066244896394664e+03,6.805746763675772115e+01,-6.892060843686094529e+01,7.870018778910291779e+00,2.670289715270104836e+00,5.123077188669888517e-08
3.004883720930232666e+05,2.695700417973497576e+00,1.310982645708793415e+00,-6.608467190614489284e-02,-2.803677876873513924e+03,-1.374837636596313132e+03,6.844274558657927798e+01,-6.568306542636597101e+01,5.941796400462907357e+00,2.575376386241522653e+00,5.123081114912195686e-08
3.021860465116279083e+05,2.709786942520288733e+00,1.318957341162174668e+00,-6.642342141432669433e-02,-2.819454305654561267e+03,-1.382608990230388372e+03,6.882802164139233980e+01,-6.226664576335438284e+01,4.001457375371946235e+00,2.473553123243782625e+00,5.123086440082417008e-08
3.038837209302325500e+05,2.723816532541371238e+00,1.326934349191642770e+00,-6.675994640351670673e-02,-2.835230657676193459e+03,-1.390380306223030630e+03,6.921329582236849376e+01,-5.865132017601951731e+01,2.052903022509225295e+00,2.363954543245164963e+00,5.123093810891645022e-08
3.055813953488372499e+05,2.737782190193131626e+00,1.334912078571860894e+00,-6.709394052826636590e-02,-2.851006933791381471e+03,-1.398151584991590198e+03,6.959856815032644306e+01,-5.481260670395228374e+01,1.017009908672856788e-01,2.245508951677968490e+00,5.123104254732131468e-08
3.072790697674418916e+05,2.751675208838927134e+00,1.342888220150457723e+00,-6.742501690049051977e-02,-2.866783134838953174e+03,-1.405922826946511805e+03,6.998383864573968083e+01,-5.072004591612626001e+01,-1.844069717696867006e+00,2.116862909450860197e+00,5.123119457214324675e-08
3.089767441860465333e+05,2.765484526717939762e+00,1.350859346344887912e+00,-6.775267537701475107e-02,-2.882559261643903938e+03,-1.413694032491487633e+03,7.036910732874423502e+01,-4.633493998305649342e+01,-3.772417750518527235e+00,1.976266801703715048e+00,5.123142280269419979e-08
3.106744186046511750e+05,2.779195734241609372e+00,1.358820214878787125e+00,-6.807625090207496121e-02,-2.898335315017701760e+03,-1.421465202023604206e+03,7.075437421914594438e+01,-4.160688010584418350e+01,-5.665003808270146379e+00,1.821394135014539284e+00,5.123177746087385937e-08
3.123720930232558167e+05,2.792789486128014254e+00,1.366762485916054537e+00,-6.839482793027937269e-02,-2.914111295758577398e+03,-1.429236335933485179e+03,7.113963933642766335e+01,-3.646819201273986977e+01,-7.492653059511932945e+00,1.649042180892015486e+00,5.123234850567320038e-08
3.140697674418604583e+05,2.806238842282295920e+00,1.374672180532893639e+00,-6.870709026099740269e-02,-2.929887204651813590e+03,-1.437007434605430944e+03,7.152490269975628223e+01,-3.082463410917792856e+01,-9.206464637682687524e+00,1.454606682397985518e+00,5.123329143799802688e-08
3.157674418604651582e+05,2.819504595838889571e+00,1.382524157837485168e+00,-6.901103876867974163e-02,-2.945663042470023356e+03,-1.444778498417555056e+03,7.191016432798946312e+01,-2.453905453155467242e+01,-1.071849208866970038e+01,1.231094448381034878e+00,5.123479023403184274e-08
3.174651162790697999e+05,2.832526784964073840e+00,1.390268580107575813e+00,-6.930341753897303891e-02,-2.961438809973420575e+03,-1.452549527741915654e+03,7.229542423968234743e+01,-1.740169863767206948e+01,-1.185439715560341511e+01,9.671159239050006740e-01,5.123613417214554265e-08
3.191627906976744416e+05,2.845210374344310456e+00,1.397792112148230403e+00,-6.957846745430941449e-02,-2.977214507910084194e+03,-1.460320522944644608e+03,7.268068245309387976e+01,-9.080121512719296462e+00,-1.221772150247848820e+01,6.425251160314462417e-01,5.122399265816261938e-08
3.208604651162790833e+05,2.857424155882868355e+00,1.404784624357441780e+00,-6.982555874418401587e-02,-2.992990137016214703e+03,-1.468091484386071670e+03,7.306593898619316008e+01,8.846574976162355775e-01,-1.072360156877166482e+01,2.201380332201245682e-01,5.103489696809722896e-08
3.225581395348837250e+05,2.869367995471745925e+00,1.410330974718664310e+00,-7.003669501163398148e-02,-3.008765698016384704e+03,-1.475862412420847022e+03,7.345119385666555445e+01,1.179349122789418658e+01,-4.170783794606355954e+00,-3.280175281481976790e-01,5.128854633271758347e-08
3.242558139534883667e+05,2.882843755705421174e+00,1.414700840774184787e+00,-7.028831027195256431e-02,-3.024541191623781742e+03,-1.483633307398059515e+03,7.383644708191854988e+01,1.734329816017606518e+01,6.497375717663121719e+00,-7.345682911549430427e-01,5.257615060132037758e-08
3.259534883720930666e+05,2.897171287902985615e+00,1.419304391326395409e+00,-7.057791013758431264e-02,-3.040316618540444324e+03,-1.491404169661352853e+03,7.422169867908766605e+01,1.991330434549056960e+01,1.634797573920791436e+01,-1.008239914023162376e+00,5.260918344970418486e-08
3.276511627906977083e+05,2.911832356583305526e+00,1.424193124371825991e+00,-7.088576115528660848e-02,-3.056091979457494290e+03,-1.499174999549039285e+03,7.460694866504198330e+01,2.131634828039097584e+01,2.520087259104203170e+01,-1.218061918385337616e+00,5.259366000553817120e-08
3.293488372093023499e+05,2.926652851620075602e+00,1.429286819585278145e+00,-7.120353347943722544e-02,-3.071867275055363734e+03,-1.506945797394209876e+03,7.499219705638968492e+01,2.216148574539213811e+01,3.333668558694230910e+01,-1.393172938864112975e+00,5.258587223990380236e-08
3.310465116279069916e+05,2.941561971846979873e+00,1.434527366048993668e+00,-7.152739545769205842e-02,-3.087642506004013740e+03,-1.514716563524840240e+03,7.537744386948347142e+01,2.269638808057074186e+01,4.095869324828909441e+01,-1.546976508385143445e+00,5.258212116894857240e-08
3.327441860465116333e+05,2.956525908448006668e+00,1.439877604318692494e+00,-7.185535335343040675e-02,-3.103417672963147197e+03,-1.522487298263894900e+03,7.576268912042566228e+01,2.303932389014615723e+01,4.819688386571292682e+01,-1.686446957920815226e+00,5.258015305479465148e-08
3.344418604651162750e+05,2.971526399204034163e+00,1.445313030913120578e+00,-7.218625297064566737e-02,-3.119192776582418901e+03,-1.530258001929428701e+03,7.614793282507339711e+01,2.325417829465569142e+01,5.513697397096017738e+01,-1.815621826026373675e+00,5.257903127915088179e-08
3.361395348837209167e+05,2.986552639395749331e+00,1.450816736777088556e+00,-7.251936938884569195e-02,-3.134967817501637001e+03,-1.538028674834686626e+03,7.653317499904348153e+01,2.337874934983983621e+01,6.183811406695902235e+01,-1.937037004551105390e+00,5.257834671524297898e-08
3.378372093023256166e+05,3.001597784182798101e+00,1.456376564509154869e+00,-7.285421816494361269e-02,-3.150742796350962180e+03,-1.545799317288199290e+03,7.691841565771727574e+01,2.343698305221673195e+01,6.834283291161989382e+01,-2.052387172100152757e+00,5.257790526071939033e-08
3.395348837209302583e+05,3.016657262511531101e+00,1.461983466499918505e+00,-7.319045958761907777e-02,-3.166517713751099564e+03,-1.553569929593877760e+03,7.730365481624544088e+01,2.344487144814739565e+01,7.468278090397667768e+01,-2.162860721250598584e+00,5.257760751199999021e-08
3.412325581395349000e+05,3.031727891676031739e+00,1.467630513909521817e+00,-7.352784615171370497e-02,-3.182292570313489250e+03,-1.561340512051104724e+03,7.768889248955241555e+01,2.341354998280722555e+01,8.088219677389162143e+01,-2.269323498044758303e+00,5.257739912558661018e-08
3.429302325581395417e+05,3.046807379502155300e+00,1.473312272180439253e+00,-7.386619185365200790e-02,-3.198067366640486398e+03,-1.569111064954824769e+03,7.807412869234106267e+01,2.335103890759663869e+01,8.696009209702906162e+01,-2.372426209494937321e+00,5.257724871002599128e-08
3.446279069767441833e+05,3.061894028528741707e+00,1.479024392098897689e+00,-7.420535328598498737e-02,-3.213842103325543121e+03,-1.576881588595631001e+03,7.845936343909686173e+01,2.326327808253408946e+01,9.293168180055556604e+01,-2.472670556652666551e+00,5.257713726795499726e-08
3.463255813953488250e+05,3.076986552000950059e+00,1.484763332873529906e+00,-7.454521748459937147e-02,-3.229616780953382204e+03,-1.584652083259850997e+03,7.884459674409228569e+01,2.315477064935117824e+01,9.880935286019054331e+01,-2.570451746222071954e+00,5.257705283756217751e-08
3.480232558139535249e+05,3.092083954942824953e+00,1.490526169069393614e+00,-7.488569382855835010e-02,-3.245391400100167175e+03,-1.592422549229628657e+03,7.922982862139093641e+01,2.302899905136692382e+01,1.046033396633546744e+02,-2.666086825688245732e+00,5.257698762591599633e-08
3.497209302325581666e+05,3.107185454748332631e+00,1.496310452546427472e+00,-7.522670847204945832e-02,-3.261165961333668747e+03,-1.600192986783006745e+03,7.961505908485158045e+01,2.288870281401086970e+01,1.103222069616233512e+02,-2.759834160898273492e+00,5.257693640379953947e-08
3.514186046511628083e+05,3.122290426654275475e+00,1.502114111514655459e+00,-7.556820041392400822e-02,-3.276940465213427160e+03,-1.607963396194005099e+03,8.000028814813209976e+01,2.273606928622385226e+01,1.159732029853384176e+02,-2.851907185192696481e+00,5.257689557048444349e-08
3.531162790697674500e+05,3.137398365377222387e+00,1.507935375270119671e+00,-7.591011865841031103e-02,-3.292714912290911343e+03,-1.615733777732698400e+03,8.038551582469342804e+01,2.257286783858707224e+01,1.215625227246063673e+02,-2.942484331509848783e+00,5.257686258952175984e-08
3.548139534883720917e+05,3.152508857541486798e+00,1.513772717097636278e+00,-7.625242012211402853e-02,-3.308489303109671710e+03,-1.623504131665290515e+03,8.077074212780320295e+01,2.240054631334596991e+01,1.270955076610571552e+02,-3.031716353906324102e+00,5.257683563773789408e-08
3.565116279069767334e+05,3.167621561486153592e+00,1.519624810281458682e+00,-7.659506806328414408e-02,-3.324263638205492043e+03,-1.631274458254189540e+03,8.115596707053957459e+01,2.222030166183265010e+01,1.325767996468993317e+02,-3.119731822144138356e+00,5.257681338082677229e-08
3.582093023255814333e+05,3.182736192226461647e+00,1.525490493742543752e+00,-7.693803088409102708e-02,-3.340037918106537290e+03,-1.639044757758078958e+03,8.154119066579468722e+01,2.203313255143523008e+01,1.380104611092175446e+02,-3.206641311446037257e+00,5.257679482633693010e-08
3.599069767441860749e+05,3.197852510084584488e+00,1.531368744859165965e+00,-7.728128120420756086e-02,-3.355812143333496806e+03,-1.646815030431987907e+03,8.192641292627824612e+01,2.183987913668590153e+01,1.434000701262511086e+02,-3.292540643207223283e+00,5.257677922522851634e-08
3.616046511627907166e+05,3.212970311977544569e+00,1.537258657725410149e+00,-7.762479513496760297e-02,-3.371586314399723960e+03,-1.654585276527358701e+03,8.231163386452098507e+01,2.164125353540931584e+01,1.487487964814289114e+02,-3.377513424068219194e+00,5.257676600463675075e-08
3.633023255813953583e+05,3.228089424659100093e+00,1.543159425580361788e+00,-7.796855170401795210e-02,-3.387360431811375292e+03,-1.662355496292115959e+03,8.269685349287792064e+01,2.143786346969960022e+01,1.540594631279512043e+02,-3.461633058547453512e+00,5.257675472111790230e-08
3.650000000000000000e+05,3.243209699418702296e+00,1.549070326474389248e+00,-7.831253239440753855e-02,-3.403134496067542386e+03,-1.670125689970729809e+03,8.308207182353169173e+01,2.123023080990233069e+01,1.593345963296728200e+02,-3.544964361361062632e+00,5.257674502760252372e-08
