# N, dt, tmax
# 2, 1262.9757785467127, 365000
# t, xSun, ySun, zSun, xJup, yJup, zJup, E
0.000000000000000000e+00,-2.538538502120102781e-03,-4.054773079123795421e-03,7.363862678302768978e-05,2.658740144031779717e+00,4.246769529554976330e+00,-7.712546924771697399e-02,-2.712978880124756464e-08
1.267361111111111086e+03,1.003188015569386748e-02,-1.720651791960754046e-03,-2.173005282778183779e-04,-1.050689696759901892e+01,1.802125904084411534e+00,2.275898661253452360e-01,2.344571005541385214e-08
2.534722222222222172e+03,1.977048600539271089e-02,2.504367305191544310e-03,-4.527366858744504116e-04,-2.070663287779795780e+01,-2.622950916108824249e+00,4.741740967903417814e-01,2.075932604815497332e-08
3.802083333333333030e+03,2.856941894220534767e-02,6.621807165064639428e-03,-6.667022529363616622e-04,-2.992220168016563875e+01,-6.935354543998826671e+00,6.982710888638985480e-01,2.044839819899757629e-08
5.069444444444444343e+03,3.691204633903835686e-02,1.063389952486646847e-02,-8.700210963910901072e-04,-3.865985854380372899e+01,-1.113742239117132549e+01,9.112172272343552759e-01,2.037119665983709809e-08
6.336805555555555657e+03,4.498945460908659183e-02,1.456963193223915001e-02,-1.067088887700475518e-03,-4.711973796236512158e+01,-1.525951458670404115e+01,1.117616321600012119e+00,2.034324110648983543e-08
7.604166666666666060e+03,5.289305081101396827e-02,1.844908524730969751e-02,-1.260034130383847970e-03,-5.539757518513386714e+01,-1.932266283403648899e+01,1.319697661667851740e+00,2.033067148977408362e-08
8.871527777777777374e+03,6.067355163295080900e-02,2.228560544176022562e-02,-1.450046968460840576e-03,-6.354648837226071834e+01,-2.334084504630362034e+01,1.518707745641282969e+00,2.032417062188944431e-08
1.013888888888888869e+04,6.836207939931479571e-02,2.608834447751398611e-02,-1.637861731274945550e-03,-7.159907351282983257e+01,-2.732364653747314520e+01,1.715415673891584003e+00,2.032046249800179254e-08
1.140625000000000000e+04,7.597914906352135067e-02,2.986381400821434134e-02,-1.823964457324457351e-03,-7.957681695820164691e+01,-3.127788729271813040e+01,1.910330499192971487e+00,2.031818859849953830e-08
1.267361111111111131e+04,8.353902285177203235e-02,3.361680269589161635e-02,-2.008694133035490281e-03,-8.749465626134755780e+01,-3.520858272069420281e+01,2.103807259225054960e+00,2.031671433834759934e-08
1.394097222222222263e+04,9.105203201965189619e-02,3.735093274272481556e-02,-2.192296950199030398e-03,-9.536341187030855338e+01,-3.911952653748449649e+01,2.296103803138942023e+00,2.031571533197826479e-08
1.520833333333333212e+04,9.852590892125329125e-02,4.106901017618147520e-02,-2.374957563973490761e-03,-1.031911822717595442e+02,-4.301365763799523023e+01,2.487413529648918598e+00,2.031501360908945891e-08
1.647569444444444525e+04,1.059665968357094007e-01,4.477325331247922202e-02,-2.556818160493625966e-03,-1.109841921634175179e+02,-4.689329937732823339e+01,2.677885357506494923e+00,2.031450579877206847e-08
1.774305555555555475e+04,1.133787659337530673e-01,4.846544662473975529e-02,-2.737990639962665802e-03,-1.187473328519916009e+02,-5.076032072470361811e+01,2.867636485470800967e+00,2.031412897152946295e-08
1.901041666666666788e+04,1.207661550006469964e-01,5.214704735033730276e-02,-2.918564705000570303e-03,-1.264845201569423665e+02,-5.461624791874370999e+01,3.056760863646006854e+00,2.031384327791895333e-08
2.027777777777777737e+04,1.281318052444974098e-01,5.581926121708709332e-02,-3.098613406295323402e-03,-1.341989392897887683e+02,-5.846234377935157767e+01,3.245335001723230750e+00,2.031362262323477673e-08
2.154513888888888687e+04,1.354782247669254480e-01,5.948309742725602089e-02,-3.278197050772741969e-03,-1.418932171125854325e+02,-6.229966529525448493e+01,3.433422062205031544e+00,2.031344941897210432e-08
2.281250000000000000e+04,1.428075070587720707e-01,6.313940936349655975e-02,-3.457366021839165370e-03,-1.495695462444852808e+02,-6.612910625739331749e+01,3.621074814188633528e+00,2.031331150802945512e-08
2.407986111111110949e+04,1.501214181700126771e-01,6.678892524900729988e-02,-3.636162857029836062e-03,-1.572297763592127069e+02,-6.995142937086407642e+01,3.808337809392469797e+00,2.031320029965468581e-08
2.534722222222222263e+04,1.574214620209909710e-01,7.043227160006547416e-02,-3.814623806664028168e-03,-1.648754825888320852e+02,-7.376729081794476883e+01,3.995249014614761673e+00,2.031310960319758231e-08
2.661458333333333212e+04,1.647089301373179382e-01,7.406999141559528210e-02,-3.992780022142428976e-03,-1.725080176136301304e+02,-7.757725930895304600e+01,4.181841056297646020e+00,2.031303487895174827e-08
2.788194444444444525e+04,1.719849400761441494e-01,7.770255846238383057e-02,-4.170658475013580384e-03,-1.801285519079003166e+02,-8.138183104387753986e+01,4.368142183112077248e+00,2.031297274525793408e-08
2.914930555555555475e+04,1.792504655040358386e-01,8.133038862197443375e-02,-4.348282677052625958e-03,-1.877381052420279275e+02,-8.518144159655467718e+01,4.554177020132831544e+00,2.031292064717755718e-08
3.041666666666666424e+04,1.865063600185227211e-01,8.495384899720118121e-02,-4.525673251058391112e-03,-1.953375716320057052e+02,-8.897647545240441502e+01,4.739967166663236142e+00,2.031287662942527444e-08
3.168402777777777737e+04,1.937533762169731943e-01,8.857326529006068205e-02,-4.702848388136221872e-03,-2.029277393112341201e+02,-9.276727373564939683e+01,4.925531675170688573e+00,2.031283917800284851e-08
3.295138888888889051e+04,2.009921811101764988e-01,9.218892783110282929e-02,-4.879824217597968777e-03,-2.105093068739476507e+02,-9.655414052420201187e+01,5.110887438701671392e+00,2.031280710797223873e-08
3.421875000000000000e+04,2.082233686927304206e-01,9.580109654629562210e-02,-5.056615108836371754e-03,-2.180828964408198658e+02,-1.003373480517136045e+02,5.296049507050106797e+00,2.031277948275710464e-08
3.548611111111110949e+04,2.154474702789142271e-01,9.941000507888983484e-02,-5.233233919695651562e-03,-2.256490644842470488e+02,-1.041171410246125930e+02,5.481031346888480371e+00,2.031275555533340447e-08
3.675347222222221899e+04,2.226649630656205303e-01,1.030158642334928487e-01,-5.409692202359892531e-03,-2.332083107967412161e+02,-1.078937402292576024e+02,5.665845057405181073e+00,2.031273472484003968e-08
3.802083333333333576e+04,2.298762772761568374e-01,1.066188648721332066e-01,-5.586000375214237972e-03,-2.407610859729959998e+02,-1.116673455651328766e+02,5.850501550303457421e+00,2.031271650419926371e-08
3.928819444444444525e+04,2.370818021588358138e-01,1.102191803639569478e-01,-5.762167867229639126e-03,-2.483077976925143844e+02,-1.154381386105394256e+02,6.035010701022884838e+00,2.031270049569674850e-08
4.055555555555555475e+04,2.442818910543873012e-01,1.138169686688281779e-01,-5.938203239993241830e-03,-2.558488160269664604e+02,-1.192062848048557129e+02,6.219381476547976462e+00,2.031268637238268657e-08
4.182291666666666424e+04,2.514768657008726871e-01,1.174123741187277359e-01,-6.114114291423757008e-03,-2.633844779489444932e+02,-1.229719353142866254e+02,6.403622044034560368e+00,2.031267386377613466e-08
4.309027777777777374e+04,2.586670199101076539e-01,1.210055289481802021e-01,-6.289908144382846261e-03,-2.709150911824669947e+02,-1.267352286347576040e+02,6.587739863616969949e+00,2.031266274478250420e-08
4.435763888888889051e+04,2.658526227228508731e-01,1.245965546150702430e-01,-6.465591322753998574e-03,-2.784409375075680373e+02,-1.304962919752723280e+02,6.771741768089317937e+00,2.031265282703294383e-08
4.562500000000000000e+04,2.730339211292107660e-01,1.281855629454552170e-01,-6.641169817062761785e-03,-2.859622756095170644e+02,-1.342552424569331606e+02,6.955634031632884628e+00,2.031264395206522462e-08
4.689236111111110949e+04,2.802111424244109195e-01,1.317726571298488414e-01,-6.816649141321706219e-03,-2.934793435461315312e+02,-1.380121881563996737e+02,7.139422429352744182e+00,2.031263598591649676e-08
4.815972222222221899e+04,2.873844962571739381e-01,1.353579325935655997e-01,-6.992034382475104809e-03,-3.009923608931534318e+02,-1.417672290174442367e+02,7.323112289063673508e+00,2.031262881480692879e-08
4.942708333333333576e+04,2.945541764177426747e-01,1.389414777597990369e-01,-7.167330243572808159e-03,-3.085015306169343035e+02,-1.455204576501629106e+02,7.506708536508351237e+00,2.031262234167241133e-08
5.069444444444444525e+04,3.017203624043582333e-01,1.425233747209509183e-01,-7.342541081606344250e-03,-3.160070407150872711e+02,-1.492719600340922170e+02,7.690215734985017093e+00,2.031261648336276065e-08
5.196180555555555475e+04,3.088832208004131386e-01,1.461036998311655011e-01,-7.517670940781871411e-03,-3.235090656588497495e+02,-1.530218161388006877e+02,7.873638120195930235e+00,2.031261116836483460e-08
5.322916666666666424e+04,3.160429064891537299e-01,1.496825242309360871e-01,-7.692723581876364201e-03,-3.310077676653020262e+02,-1.567701004733355887e+02,8.056979630993584607e+00,2.031260633494240190e-08
5.449652777777777374e+04,3.231995637284454381e-01,1.532599143129376451e-01,-7.867702508218816712e-03,-3.385032978230243543e+02,-1.605168825741133389e+02,8.240243936592147378e+00,2.031260192960867704e-08
5.576388888888889051e+04,3.303533271045556718e-01,1.568359321368308634e-01,-8.042610988752670401e-03,-3.459957970910416520e+02,-1.642622274393645512e+02,8.423434460721907158e+00,2.031259790586607094e-08
5.703125000000000000e+04,3.375043223809706117e-01,1.604106357996146759e-01,-8.217452078565149268e-03,-3.534853971878325751e+02,-1.680061959170233195e+02,8.606554403130687092e+00,2.031259422316155444e-08
5.829861111111110949e+04,3.446526672558395954e-01,1.639840797671354711e-01,-8.392228637210926226e-03,-3.609722213846391128e+02,-1.717488450519333867e+02,8.789606758775150297e+00,2.031259084601699705e-08
5.956597222222221899e+04,3.517984720396252762e-01,1.675563151715505072e-01,-8.566943345109120575e-03,-3.684563852152047048e+02,-1.754902283973968622e+02,8.972594334994209220e+00,2.031258774330211154e-08
6.083333333333332848e+04,3.589418402628618554e-01,1.711273900788656821e-01,-8.741598718252228256e-03,-3.759379971123094037e+02,-1.792303962953798191e+02,9.155519766914430591e+00,2.031258488762425605e-08
6.210069444444444525e+04,3.660828692225117642e-01,1.746973497300955414e-01,-8.916197121431754247e-03,-3.834171589799973958e+02,-1.829693961290917628e+02,9.338385531301915066e+00,2.031258225481428843e-08
6.336805555555555475e+04,3.732216504742343899e-01,1.782662367591125174e-01,-9.090740780156860920e-03,-3.908939667091552792e+02,-1.867072725511500266e+02,9.521193959045298527e+00,2.031257982349178682e-08
6.463541666666666424e+04,3.803582702768797397e-01,1.818340913898431332e-01,-9.265231791418339358e-03,-3.983685106430521614e+02,-1.904440676901131155e+02,9.703947246429411422e+00,2.031257757469614040e-08
6.590277777777778101e+04,3.874928099946759463e-01,1.854009516151204906e-01,-9.439672133429851883e-03,-4.058408759985713345e+02,-1.941798213378025650e+02,9.886647465337773610e+00,2.031257549157247215e-08
6.717013888888889051e+04,3.946253464618612039e-01,1.889668533592091526e-01,-9.614063674461121450e-03,-4.133111432481081806e+02,-1.979145711195227761e+02,1.006929657250402776e+01,2.031257355910328165e-08
6.843750000000000000e+04,4.017559523139007660e-01,1.925318306257597367e-01,-9.788408180862944591e-03,-4.207793884664699249e+02,-2.016483526490220299e+02,1.025189641791697248e+01,2.031257176387860137e-08
6.970486111111110949e+04,4.088846962889028380e-01,1.960959156327382047e-01,-9.962707324371402468e-03,-4.282456836465639753e+02,-2.053811996698103712e+02,1.043444875247059578e+01,2.031257009389848577e-08
7.097222222222221899e+04,4.160116435024003856e-01,1.996591389356831003e-01,-1.013696268876764818e-02,-4.357100969871913207e+02,-2.091131441842531729e+02,1.061695523493925108e+01,2.031256853840268818e-08
7.223958333333332848e+04,4.231368556982806339e-01,2.032215295404843358e-01,-1.031117577596053943e-02,-4.431726931558569618e+02,-2.128442165716905095e+02,1.079941743834826617e+01,2.031256708772362455e-08
7.350694444444443798e+04,4.302603914783066363e-01,2.067831150067372392e-01,-1.048534801155113876e-02,-4.506335335291600472e+02,-2.165744456966843074e+02,1.098183685580194435e+01,2.031256573315883535e-08
7.477430555555554747e+04,4.373823065123919607e-01,2.103439215426011200e-01,-1.065948074993129484e-02,-4.580926764130248330e+02,-2.203038590083695851e+02,1.116421490582358089e+01,2.031256446686026917e-08
7.604166666666667152e+04,4.445026537315348580e-01,2.139039740919912447e-01,-1.083357527896245190e-02,-4.655501772447709641e+02,-2.240324826317737745e+02,1.134655293725578673e+01,2.031256328173785988e-08
7.730902777777778101e+04,4.516214835051052257e-01,2.174632964148336400e-01,-1.100763282427550532e-02,-4.730060887787944921e+02,-2.277603414518728755e+02,1.152885223376397406e+01,2.031256217137533620e-08
7.857638888888889051e+04,4.587388438039831096e-01,2.210219111610391973e-01,-1.118165455322806846e-02,-4.804604612574315752e+02,-2.314874591910673587e+02,1.171111401798098939e+01,2.031256112995659274e-08
7.984375000000000000e+04,4.658547803508867879e-01,2.245798399387760602e-01,-1.135564157855141303e-02,-4.879133425684044028e+02,-2.352138584806880033e+02,1.189333945532673376e+01,2.031256015220109706e-08
8.111111111111110949e+04,4.729693367590799835e-01,2.281371033775625445e-01,-1.152959496171589507e-02,-4.953647783900962054e+02,-2.389395609270756609e+02,1.207552965753296270e+01,2.031255923330711202e-08
8.237847222222221899e+04,4.800825546605207994e-01,2.316937211866444413e-01,-1.170351571604060816e-02,-5.028148123257688553e+02,-2.426645871727232588e+02,1.225768568590015484e+01,2.031255836890179365e-08
8.364583333333332848e+04,4.871944738244066153e-01,2.352497122090748682e-01,-1.187740480957024010e-02,-5.102634860277199209e+02,-2.463889569529162031e+02,1.243980855431062160e+01,2.031255755499705604e-08
8.491319444444443798e+04,4.943051322669638759e-01,2.388050944718711488e-01,-1.205126316773981118e-02,-5.177108393122716734e+02,-2.501126891482641952e+02,1.262189923201940722e+01,2.031255678795059466e-08
8.618055555555554747e+04,5.014145663532509900e-01,2.423598852325858921e-01,-1.222509167584580857e-02,-5.251569102663946751e+02,-2.538358018334774044e+02,1.280395864624242819e+01,2.031255606443136974e-08
8.744791666666667152e+04,5.085228108916622913e-01,2.459141010225959212e-01,-1.239889118134037717e-02,-5.326017353466860413e+02,-2.575583123227054898e+02,1.298598768455930319e+01,2.031255538138894761e-08
8.871527777777778101e+04,5.156298992217528410e-01,2.494677576873836622e-01,-1.257266249596357063e-02,-5.400453494713527789e+02,-2.612802372117257619e+02,1.316798719714656762e+01,2.031255473602629645e-08
8.998263888888889051e+04,5.227358632959430151e-01,2.530208704240575757e-01,-1.274640639772724182e-02,-5.474877861057856308e+02,-2.650015924172410564e+02,1.334995799885549950e+01,2.031255412577552670e-08
9.125000000000000000e+04,5.298407337556096941e-01,2.565734538163379486e-01,-1.292012363276276270e-02,-5.549290773422529810e+02,-2.687223932135212294e+02,1.353190087114733586e+01,2.031255354827623214e-08
9.251736111111110949e+04,5.369445400020202985e-01,2.601255218672085534e-01,-1.309381491704372444e-02,-5.623692539741936116e+02,-2.724426542666016076e+02,1.371381656389753090e+01,2.031255300135619017e-08
9.378472222222221899e+04,5.440473102625245083e-01,2.636770880294214137e-01,-1.326748093799354905e-02,-5.698083455655427088e+02,-2.761623896662317179e+02,1.389570579707951481e+01,2.031255248301407370e-08
9.505208333333332848e+04,5.511490716523793632e-01,2.672281652340198765e-01,-1.344112235598724295e-02,-5.772463805154843612e+02,-2.798816129557492900e+02,1.407756926233752282e+01,2.031255199140392661e-08
9.631944444444443798e+04,5.582498502325504708e-01,2.707787659170345917e-01,-1.361473980575547520e-02,-5.846833861189899153e+02,-2.836003371600399419e+02,1.425940762445718590e+01,2.031255152482125061e-08
9.758680555555554747e+04,5.653496710637979650e-01,2.743289020444896198e-01,-1.378833389769855249e-02,-5.921193886234647152e+02,-2.873185748117278990e+02,1.444122152274170467e+01,2.031255108169053133e-08
9.885416666666667152e+04,5.724485582573326514e-01,2.778785851358474557e-01,-1.396190521911715512e-02,-5.995544132818030221e+02,-2.910363379757303051e+02,1.462301157230087867e+01,2.031255066055396220e-08
1.001215277777777810e+05,5.795465350223002465e-01,2.814278262860065438e-01,-1.413545433536608775e-02,-6.069884844021200934e+02,-2.947536382722971098e+02,1.480477836525946955e+01,2.031255026006128669e-08
1.013888888888888905e+05,5.866436237103268558e-01,2.849766361859588093e-01,-1.430898179093673638e-02,-6.144216253944080108e+02,-2.984704868986466408e+02,1.498652247189092535e+01,2.031254987896067611e-08
1.026562500000000000e+05,5.937398458573454052e-01,2.885250251422042944e-01,-1.448248811047350877e-02,-6.218538588143418337e+02,-3.021868946492991199e+02,1.516824444168195107e+01,2.031254951609041485e-08
1.039236111111111095e+05,6.008352222228975359e-01,2.920730030950101641e-01,-1.465597379972899406e-02,-6.292852064044424196e+02,-3.059028719352006078e+02,1.534994480433288189e+01,2.031254917037142265e-08
1.051909722222222190e+05,6.079297728270922629e-01,2.956205796355975690e-01,-1.482943934646224239e-02,-6.367156891327854282e+02,-3.096184288017234962e+02,1.553162407069852335e+01,2.031254884080049486e-08
1.064583333333333285e+05,6.150235169853874861e-01,2.991677640223296963e-01,-1.500288522128422758e-02,-6.441453272294301087e+02,-3.133335749456213080e+02,1.571328273367361028e+01,2.031254852644410853e-08
1.077256944444444380e+05,6.221164733413482306e-01,3.027145651959710082e-01,-1.517631187845407473e-02,-6.515741402207273723e+02,-3.170483197310099968e+02,1.589492126902677605e+01,2.031254822643285051e-08
1.089930555555555475e+05,6.292086598975178413e-01,3.062609917940800064e-01,-1.534971975662961091e-02,-6.590021469616541481e+02,-3.207626722044429357e+02,1.607654013618660471e+01,2.031254793995632864e-08
1.102604166666666715e+05,6.363000940445342479e-01,3.098070521645954756e-01,-1.552310927957518960e-02,-6.664293656663080583e+02,-3.244766411091396776e+02,1.625813977898301488e+01,2.031254766625855940e-08
1.115277777777777810e+05,6.433907925886100942e-01,3.133527543786675529e-01,-1.569648085682983155e-02,-6.738558139366878095e+02,-3.281902348984253877e+02,1.643972062634697906e+01,2.031254740463371951e-08
1.127951388888888905e+05,6.504807717774830911e-01,3.168981062427862483e-01,-1.586983488433818534e-02,-6.812815087898732145e+02,-3.319034617484329033e+02,1.662128309297142437e+01,2.031254715442233094e-08
1.140625000000000000e+05,6.575700473249399547e-01,3.204431153102507701e-01,-1.604317174504688720e-02,-6.887064666837105733e+02,-3.356163295701157381e+02,1.680282757993578358e+01,2.031254691500772063e-08
1.153298611111111095e+05,6.646586344340081887e-01,3.239877888920239535e-01,-1.621649180946848484e-02,-6.961307035411014112e+02,-3.393288460206159698e+02,1.698435447529664444e+01,2.031254668581283414e-08
1.165972222222222190e+05,6.717465478188979766e-01,3.275321340670095394e-01,-1.638979543621507315e-02,-7.035542347729846142e+02,-3.430410185140288490e+02,1.716586415464665194e+01,2.031254646629728100e-08
1.178645833333333285e+05,6.788338017257777857e-01,3.310761576917906623e-01,-1.656308297250357400e-02,-7.109770753000951800e+02,-3.467528542316013613e+02,1.734735698164368856e+01,2.031254625595462815e-08
1.191319444444444380e+05,6.859204099524568443e-01,3.346198664098603559e-01,-1.673635475463440894e-02,-7.183992395735783703e+02,-3.504643601314010652e+02,1.752883330851224741e+01,2.031254605430997465e-08
1.203993055555555475e+05,6.930063858670399979e-01,3.381632666603791026e-01,-1.690961110844528201e-02,-7.258207415945286129e+02,-3.541755429574871528e+02,1.771029347651868946e+01,2.031254586091764221e-08
1.216666666666666570e+05,7.000917424256226651e-01,3.417063646864847426e-01,-1.708285234974158545e-02,-7.332415949325219344e+02,-3.578864092486145978e+02,1.789173781642202243e+01,2.031254567535909729e-08
1.229340277777777810e+05,7.071764921890830724e-01,3.452491665431843826e-01,-1.725607878470486814e-02,-7.406618127432031997e+02,-3.615969653464997009e+02,1.807316664890171509e+01,2.031254549724109162e-08
1.242013888888888905e+05,7.142606473390242794e-01,3.487916781048528980e-01,-1.742929071028068155e-02,-7.480814077849832984e+02,-3.653072174036730075e+02,1.825458028496390028e+01,2.031254532619382913e-08
1.254687500000000000e+05,7.213442196929215067e-01,3.523339050723597321e-01,-1.760248841454706975e-02,-7.555003924349034605e+02,-3.690171713909443838e+02,1.843597902632733110e+01,2.031254516186937780e-08
1.267361111111111095e+05,7.284272207185183978e-01,3.558758529798482506e-01,-1.777567217706483085e-02,-7.629187787037132011e+02,-3.727268331045029868e+02,1.861736316579020567e+01,2.031254500394019728e-08
1.280034722222222190e+05,7.355096615475179567e-01,3.594175272011864708e-01,-1.794884226921060824e-02,-7.703365782502098682e+02,-3.764362081726731049e+02,1.879873298757905786e+01,2.031254485209770288e-08
1.292708333333333285e+05,7.425915529886093491e-01,3.629589329561077049e-01,-1.812199895449387657e-02,-7.777538023948819728e+02,-3.801453020623465022e+02,1.898008876768072639e+01,2.031254470605105458e-08
1.305381944444444380e+05,7.496729055398683172e-01,3.665000753160606584e-01,-1.829514248885866223e-02,-7.851704621328965459e+02,-3.838541200851085478e+02,1.916143077415836160e+01,2.031254456552593282e-08
1.318055555555555620e+05,7.567537294005672877e-01,3.700409592097830824e-01,-1.846827312097093499e-02,-7.925865681464691761e+02,-3.875626674030762615e+02,1.934275926745246110e+01,2.031254443026348301e-08
1.330729166666666570e+05,7.638340344824291472e-01,3.735815894286164118e-01,-1.864139109249247570e-02,-8.000021308166499239e+02,-3.912709490344644792e+02,1.952407450066766259e+01,2.031254430001928982e-08
1.343402777777777810e+05,7.709138304203548842e-01,3.771219706315739328e-01,-1.881449663834194180e-02,-8.074171602345593328e+02,-3.949789698588945157e+02,1.970537671984618555e+01,2.031254417456244082e-08
1.356076388888888760e+05,7.779931265826551812e-01,3.806621073501788022e-01,-1.898758998694385566e-02,-8.148316662121044374e+02,-3.986867346224602784e+02,1.988666616422863598e+01,2.031254405367468607e-08
1.368750000000000000e+05,7.850719320808127177e-01,3.842020039930810205e-01,-1.916067136046624431e-02,-8.222456582922033022e+02,-4.023942479425645047e+02,2.006794306650284199e+01,2.031254393714961090e-08
1.381423611111110949e+05,7.921502557788016041e-01,3.877416648504677932e-01,-1.933374097504743025e-02,-8.296591457585456055e+02,-4.061015143125376312e+02,2.024920765304143444e+01,2.031254382479190475e-08
1.394097222222222190e+05,7.992281063019870402e-01,3.912810940982768271e-01,-1.950679904101264989e-02,-8.370721376449135960e+02,-4.098085381060514578e+02,2.043046014412870903e+01,2.031254371641667289e-08
1.406770833333333430e+05,8.063054920456269592e-01,3.948202958022249964e-01,-1.967984576308103029e-02,-8.444846427440871821e+02,-4.135153235813373271e+02,2.061170075417738801e+01,2.031254361184877472e-08
1.419444444444444380e+05,8.133824211830000817e-01,3.983592739216594847e-01,-1.985288134056339970e-02,-8.518966696163555525e+02,-4.172218748852203589e+02,2.079292969193581797e+01,2.031254351092225796e-08
1.432118055555555620e+05,8.204589016731758111e-01,4.018980323132426147e-01,-2.002590596755146612e-02,-8.593082265976559029e+02,-4.209281960569786634e+02,2.097414716068607987e+01,2.031254341347978292e-08
1.444791666666666570e+05,8.275349412684476214e-01,4.054365747344780280e-01,-2.019891983309873504e-02,-8.667193218073583694e+02,-4.246342910320363444e+02,2.115535335843351561e+01,2.031254331937209645e-08
1.457465277777777810e+05,8.346105475214460334e-01,4.089749048470864290e-01,-2.037192312139373546e-02,-8.741299631557160410e+02,-4.283401636454995014e+02,2.133654847808809762e+01,2.031254322845756537e-08
1.470138888888888760e+05,8.416857277919480573e-01,4.125130262202397757e-01,-2.054491601192573458e-02,-8.815401583509966486e+02,-4.320458176355427327e+02,2.151773270763805002e+01,2.031254314060172982e-08
1.482812500000000000e+05,8.487604892533979761e-01,4.160509423336582469e-01,-2.071789867964355172e-02,-8.889499149063124150e+02,-4.357512566466534167e+02,2.169890623031614751e+01,2.031254305567685988e-08
1.495486111111110949e+05,8.558348388991561251e-01,4.195886565805797552e-01,-2.089087129510765542e-02,-8.963592401461642112e+02,-4.394564842327419569e+02,2.188006922475901206e+01,2.031254297356159160e-08
1.508159722222222190e+05,8.629087835484849922e-01,4.231261722706066708e-01,-2.106383402463595303e-02,-9.037681412127116118e+02,-4.431615038601229344e+02,2.206122186515982975e+01,2.031254289414054985e-08
1.520833333333333430e+05,8.699823298522901815e-01,4.266634926324371913e-01,-2.123678703044356436e-02,-9.111766250717856792e+02,-4.468663189103752984e+02,2.224236432141472264e+01,2.031254281730398097e-08
1.533506944444444380e+05,8.770554842986266753e-01,4.302006208164836920e-01,-2.140973047077687416e-02,-9.185846985186550455e+02,-4.505709326830859709e+02,2.242349675926316266e+01,2.031254274294749149e-08
1.546180555555555620e+05,8.841282532179793874e-01,4.337375598973881585e-01,-2.158266450004217921e-02,-9.259923681835580282e+02,-4.542753483984835725e+02,2.260461934042269050e+01,2.031254267097170059e-08
1.558854166666666570e+05,8.912006427883335524e-01,4.372743128764364773e-01,-2.175558926892910000e-02,-9.333996405370119192e+02,-4.579795691999669884e+02,2.278573222271819176e+01,2.031254260128195236e-08
1.571527777777777810e+05,8.982726590400412769e-01,4.408108826838769145e-01,-2.192850492452912137e-02,-9.408065218949101336e+02,-4.616835981565339466e+02,2.296683556020603945e+01,2.031254253378811057e-08
1.584201388888888760e+05,9.053443078604951344e-01,4.443472721811481119e-01,-2.210141161044942154e-02,-9.482130184234177932e+02,-4.653874382651139285e+02,2.314792950329331234e+01,2.031254246840424109e-08
1.596875000000000000e+05,9.124155949986186842e-01,4.478834841630193742e-01,-2.227430946692220137e-02,-9.556191361436742682e+02,-4.690910924528109831e+02,2.332901419885231320e+01,2.031254240504844973e-08
1.609548611111110949e+05,9.194865260691820197e-01,4.514195213596498002e-01,-2.244719863090980858e-02,-9.630248809363127975e+02,-4.727945635790590586e+02,2.351008979033066026e+01,2.031254234364260431e-08
1.622222222222222190e+05,9.265571065569491171e-01,4.549553864385670332e-01,-2.262007923620575414e-02,-9.704302585458049180e+02,-4.764978544376953096e+02,2.369115641785707282e+01,2.031254228411217918e-08
1.634895833333333430e+05,9.336273418206665342e-01,4.584910820065716264e-01,-2.279295141353186033e-02,-9.778352745846382277e+02,-4.802009677589540502e+02,2.387221421834315294e+01,2.031254222638603017e-08
1.647569444444444380e+05,9.406972370969020059e-01,4.620266106115692439e-01,-2.296581529063171714e-02,-9.852399345373349888e+02,-4.839039062113859018e+02,2.405326332558124491e+01,2.031254217039623915e-08
1.660243055555555620e+05,9.477667975037336046e-01,4.655619747443330292e-01,-2.313867099236061389e-02,-9.926442437643185031e+02,-4.876066724037045219e+02,2.423430387033862843e+01,2.031254211607792868e-08
1.672916666666666570e+05,9.548360280443045633e-01,4.690971768402034670e-01,-2.331151864077208452e-02,-1.000048207505634537e+03,-4.913092688865651212e+02,2.441533598044814468e+01,2.031254206336912640e-08
1.685590277777777810e+05,9.619049336102447612e-01,4.726322192807219658e-01,-2.348435835520121598e-02,-1.007451830884534388e+03,-4.950116981542768713e+02,2.459635978089550434e+01,2.031254201221057308e-08
1.698263888888888760e+05,9.689735189849620900e-01,4.761671043952068194e-01,-2.365719025234493816e-02,-1.014855118910925057e+03,-4.987139626464529556e+02,2.477737539390330923e+01,2.031254196254564326e-08
1.710937500000000000e+05,9.760417888468198022e-01,4.797018344622711039e-01,-2.383001444633929891e-02,-1.022258076484692992e+03,-5.024160647496004799e+02,2.495838293901203286e+01,2.031254191432014997e-08
1.723611111111110949e+05,9.831097477721923994e-01,4.832364117112855073e-01,-2.400283104883395649e-02,-1.029660708398906763e+03,-5.061180067986526296e+02,2.513938253315803451e+01,2.031254186748226208e-08
1.736284722222222190e+05,9.901774002384113871e-01,4.867708383237899783e-01,-2.417564016906400409e-02,-1.037063019342903999e+03,-5.098197910784465421e+02,2.532037429074875945e+01,2.031254182198237854e-08
1.748958333333333430e+05,9.972447506266102213e-01,4.903051164348529722e-01,-2.434844191391918183e-02,-1.044465013905267369e+03,-5.135214198251479729e+02,2.550135832373524991e+01,2.031254177777300595e-08
1.761631944444444380e+05,1.004311803224462007e+00,4.938392481343849560e-01,-2.452123638801061156e-02,-1.051866696576694267e+03,-5.172228952276258269e+02,2.568233474168205888e+01,2.031254173480865929e-08
1.774305555555555620e+05,1.011378562228823164e+00,4.973732354684037293e-01,-2.469402369373524531e-02,-1.059268071752765536e+03,-5.209242194287788834e+02,2.586330365183469127e+01,2.031254169304577592e-08
1.786979166666666570e+05,1.018445031748283602e+00,5.009070804402577792e-01,-2.486680393133795450e-02,-1.066669143736615979e+03,-5.246253945268151710e+02,2.604426515918469676e+01,2.031254165244261301e-08
1.799652777777777810e+05,1.025511215805629206e+00,5.044407850118055592e-01,-2.503957719897152365e-02,-1.074069916741512998e+03,-5.283264225764886532e+02,2.622521936653245689e+01,2.031254161295912840e-08
1.812326388888888760e+05,1.032577118340216593e+00,5.079743511045545779e-01,-2.521234359275453460e-02,-1.081470394893344746e+03,-5.320273055902916894e+02,2.640616637454784410e+01,2.031254157455695744e-08
1.825000000000000000e+05,1.039642743210267506e+00,5.115077806007624073e-01,-2.538510320682728014e-02,-1.088870582233022560e+03,-5.357280455396081607e+02,2.658710628182875624e+01,2.031254153719930715e-08
1.837673611111110949e+05,1.046708094195085481e+00,5.150410753445000545e-01,-2.555785613340572776e-02,-1.096270482718802441e+03,-5.394286443558271458e+02,2.676803918495766155e+01,2.031254150085086021e-08
1.850347222222222190e+05,1.053773174997194806e+00,5.185742371426789177e-01,-2.573060246283371405e-02,-1.103670100228526508e+03,-5.431291039314183990e+02,2.694896517855624296e+01,2.031254146547772540e-08
1.863020833333333430e+05,1.060837989244411528e+00,5.221072677660438810e-01,-2.590334228363333144e-02,-1.111069438561790093e+03,-5.468294261209731530e+02,2.712988435533817366e+01,2.031254143104737796e-08
1.875694444444444380e+05,1.067902540491840524e+00,5.256401689501334351e-01,-2.607607568255365313e-02,-1.118468501442034949e+03,-5.505296127422086556e+02,2.731079680616015537e+01,2.031254139752859017e-08
1.888368055555555620e+05,1.074966832223808844e+00,5.291729423962080459e-01,-2.624880274461781349e-02,-1.125867292518573549e+03,-5.542296655769416702e+02,2.749170262007123355e+01,2.031254136489134861e-08
1.901041666666666570e+05,1.082030867855734657e+00,5.327055897721483246e-01,-2.642152355316856882e-02,-1.133265815368546782e+03,-5.579295863720277566e+02,2.767260188436050683e+01,2.031254133310684755e-08
1.913715277777777810e+05,1.089094650735935588e+00,5.362381127133236669e-01,-2.659423818991234548e-02,-1.140664073498817061e+03,-5.616293768402723572e+02,2.785349468460325895e+01,2.031254130214737312e-08
1.926388888888888760e+05,1.096158184147375092e+00,5.397705128234321359e-01,-2.676694673496183771e-02,-1.148062070347799136e+03,-5.653290386613100509e+02,2.803438110470557731e+01,2.031254127198631988e-08
1.939062500000000000e+05,1.103221471309356660e+00,5.433027916753151443e-01,-2.693964926687725941e-02,-1.155459809287232474e+03,-5.690285734824570909e+02,2.821526122694756111e+01,2.031254124259807834e-08
1.951736111111110949e+05,1.110284515379160286e+00,5.468349508117444913e-01,-2.711234586270624275e-02,-1.162857293623896567e+03,-5.727279829195368848e+02,2.839613513202509765e+01,2.031254121395802827e-08
1.964409722222222190e+05,1.117347319453626975e+00,5.503669917461849748e-01,-2.728503659802246351e-02,-1.170254526601270527e+03,-5.764272685576775075e+02,2.857700289909033842e+01,2.031254118604248585e-08
1.977083333333333430e+05,1.124409886570695294e+00,5.538989159635325787e-01,-2.745772154696306255e-02,-1.177651511401141079e+03,-5.801264319520864774e+02,2.875786460579087134e+01,2.031254115882867052e-08
1.989756944444444380e+05,1.131472219710886185e+00,5.574307249208309001e-01,-2.763040078226485993e-02,-1.185048251145158702e+03,-5.838254746287989292e+02,2.893872032830764951e+01,2.031254113229464546e-08
2.002430555555555620e+05,1.138534321798741811e+00,5.609624200479633727e-01,-2.780307437529943790e-02,-1.192444748896345573e+03,-5.875243980854046413e+02,2.911957014139175826e+01,2.031254110641929770e-08
2.015104166666666570e+05,1.145596195704222664e+00,5.644940027483253964e-01,-2.797574239610715191e-02,-1.199841007660556670e+03,-5.912232037917505068e+02,2.930041411840001686e+01,2.031254108118228852e-08
2.027777777777777810e+05,1.152657844244058483e+00,5.680254743994748168e-01,-2.814840491343007303e-02,-1.207237030387895174e+03,-5.949218931906228818e+02,2.948125233132947898e+01,2.031254105656404022e-08
2.040451388888888760e+05,1.159719270183056095e+00,5.715568363537638641e-01,-2.832106199474389990e-02,-1.214632819974084441e+03,-5.986204676984090156e+02,2.966208485085087077e+01,2.031254103254568647e-08
2.053125000000000000e+05,1.166780476235371733e+00,5.750880899389505529e-01,-2.849371370628893049e-02,-1.222028379261797681e+03,-6.023189287057369938e+02,2.984291174634100940e+01,2.031254100910904252e-08
2.065798611111110949e+05,1.173841465065741385e+00,5.786192364587924297e-01,-2.866636011310005894e-02,-1.229423711041947854e+03,-6.060172775780982874e+02,3.002373308591424816e+01,2.031254098623659530e-08
2.078472222222222190e+05,1.180902239290674283e+00,5.821502771936220011e-01,-2.883900127903591196e-02,-1.236818818054938220e+03,-6.097155156564500658e+02,3.020454893645294803e+01,2.031254096391144717e-08
2.091145833333333430e+05,1.187962801479612418e+00,5.856812134009053983e-01,-2.901163726680702076e-02,-1.244213702991875152e+03,-6.134136442578005699e+02,3.038535936363705048e+01,2.031254094211730929e-08
2.103819444444444380e+05,1.195023154156052092e+00,5.892120463157841659e-01,-2.918426813800327133e-02,-1.251608368495744799e+03,-6.171116646757760691e+02,3.056616443197276212e+01,2.031254092083847846e-08
2.116493055555555620e+05,1.202083299798635929e+00,5.927427771516018407e-01,-2.935689395312044911e-02,-1.259002817162555175e+03,-6.208095781811726965e+02,3.074696420482037951e+01,2.031254090005979412e-08
2.129166666666666570e+05,1.209143240842210032e+00,5.962734071004133218e-01,-2.952951477158603788e-02,-1.266397051542444160e+03,-6.245073860224902091e+02,3.092775874442132533e+01,2.031254087976663832e-08
2.141840277777777810e+05,1.216202979678851381e+00,5.998039373334815849e-01,-2.970213065178425177e-02,-1.273791074140754745e+03,-6.282050894264515364e+02,3.110854811192435321e+01,2.031254085994489938e-08
2.154513888888888760e+05,1.223262518658863707e+00,6.033343690017586303e-01,-2.987474165108035262e-02,-1.281184887419080269e+03,-6.319026895985072088e+02,3.128933236741100288e+01,2.031254084058095527e-08
2.167187500000000000e+05,1.230321860091747377e+00,6.068647032363527760e-01,-3.004734782584423183e-02,-1.288578493796277144e+03,-6.356001877233243249e+02,3.147011156992033065e+01,2.031254082166164390e-08
2.179861111111110949e+05,1.237381006247138648e+00,6.103949411489831833e-01,-3.021994923147335033e-02,-1.295971895649450062e+03,-6.392975849652627858e+02,3.165088577747290088e+01,2.031254080317427302e-08
2.192534722222222190e+05,1.244439959355721825e+00,6.139250838324203929e-01,-3.039254592241499853e-02,-1.303365095314908785e+03,-6.429948824688365221e+02,3.183165504709412374e+01,2.031254078510657718e-08
2.205208333333333430e+05,1.251498721610118769e+00,6.174551323609155373e-01,-3.056513795218791796e-02,-1.310758095089096742e+03,-6.466920813591633532e+02,3.201241943483689312e+01,2.031254076744669793e-08
2.217881944444444380e+05,1.258557295165749546e+00,6.209850877906165634e-01,-3.073772537340333996e-02,-1.318150897229494831e+03,-6.503891827424006351e+02,3.219317899580362052e+01,2.031254075018319039e-08
2.230555555555555620e+05,1.265615682141670195e+00,6.245149511599736858e-01,-3.091030823778537912e-02,-1.325543503955498181e+03,-6.540861877061696532e+02,3.237393378416759759e+01,2.031254073330498027e-08
2.243229166666666570e+05,1.272673884621387641e+00,6.280447234901322950e-01,-3.108288659619093397e-02,-1.332935917449269027e+03,-6.577830973199680784e+02,3.255468385319382207e+01,2.031254071680137378e-08
2.255902777777777810e+05,1.279731904653650831e+00,6.315744057853160953e-01,-3.125546049862893555e-02,-1.340328139856566168e+03,-6.614799126355702583e+02,3.273542925525920566e+01,2.031254070066202455e-08
2.268576388888888760e+05,1.286789744253220791e+00,6.351039990331998064e-01,-3.142802999427916216e-02,-1.347720173287551006e+03,-6.651766346874180726e+02,3.291617004187220630e+01,2.031254068487692038e-08
2.281250000000000000e+05,1.293847405401618911e+00,6.386335042052705413e-01,-3.160059513151045052e-02,-1.355112019817571309e+03,-6.688732644929989419e+02,3.309690626369197020e+01,2.031254066943639980e-08
2.293923611111110949e+05,1.300904890047854812e+00,6.421629222571800799e-01,-3.177315595789848707e-02,-1.362503681487923814e+03,-6.725698030532159919e+02,3.327763797054691253e+01,2.031254065433109581e-08
2.306597222222222190e+05,1.307962200109134443e+00,6.456922541290880391e-01,-3.194571252024302338e-02,-1.369895160306595699e+03,-6.762662513527457122e+02,3.345836521145280074e+01,2.031254063955195245e-08
2.319270833333333430e+05,1.315019337471549976e+00,6.492215007459949394e-01,-3.211826486458471686e-02,-1.377286458248986719e+03,-6.799626103603881120e+02,3.363908803463035468e+01,2.031254062509021484e-08
2.331944444444444380e+05,1.322076303990749269e+00,6.527506630180665015e-01,-3.229081303622147875e-02,-1.384677577258610881e+03,-6.836588810294059613e+02,3.381980648752236362e+01,2.031254061093739278e-08
2.344618055555555620e+05,1.329133101492587343e+00,6.562797418409497263e-01,-3.246335707972435036e-02,-1.392068519247779477e+03,-6.873550642978558471e+02,3.400052061681034843e+01,2.031254059708528397e-08
2.357291666666666570e+05,1.336189731773764100e+00,6.598087380960808712e-01,-3.263589703895301147e-02,-1.399459286098266830e+03,-6.910511610889105896e+02,3.418123046843076906e+01,2.031254058352591768e-08
2.369965277777777810e+05,1.343246196602440046e+00,6.633376526509838778e-01,-3.280843295707085855e-02,-1.406849879661956948e+03,-6.947471723111719939e+02,3.436193608759084128e+01,2.031254057025161107e-08
2.382638888888888760e+05,1.350302497718838701e+00,6.668664863595626935e-01,-3.298096487655965275e-02,-1.414240301761474939e+03,-6.984430988589770095e+02,3.454263751878387723e+01,2.031254055725490297e-08
2.395312500000000000e+05,1.357358636835833687e+00,6.703952400623847119e-01,-3.315349283923384183e-02,-1.421630554190799785e+03,-7.021389416126945662e+02,3.472333480580425658e+01,2.031254054452856712e-08
2.407986111111110949e+05,1.364414615639518491e+00,6.739239145869577730e-01,-3.332601688625446562e-02,-1.429020638715862560e+03,-7.058347014390155891e+02,3.490402799176202819e+01,2.031254053206559895e-08
2.420659722222222190e+05,1.371470435789762465e+00,6.774525107479989483e-01,-3.349853705814270777e-02,-1.436410557075128963e+03,-7.095303791912348288e+02,3.508471711909709256e+01,2.031254051985921891e-08
2.433333333333333139e+05,1.378526098920752618e+00,6.809810293476983301e-01,-3.367105339479313508e-02,-1.443800310980165932e+03,-7.132259757095259829e+02,3.526540222959303605e+01,2.031254050790286248e-08
2.446006944444444380e+05,1.385581606641521635e+00,6.845094711759729389e-01,-3.384356593548651371e-02,-1.451189902116194844e+03,-7.169214918212098837e+02,3.544608336439060992e+01,2.031254049619013720e-08
2.458680555555555620e+05,1.392636960536461244e+00,6.880378370107176345e-01,-3.401607471890238932e-02,-1.458579332142629482e+03,-7.206169283410150683e+02,3.562676056400086821e+01,2.031254048471487563e-08
2.471354166666666570e+05,1.399692162165823595e+00,6.915661276180480321e-01,-3.418857978313129264e-02,-1.465968602693601497e+03,-7.243122860713328919e+02,3.580743386831794339e+01,2.031254047347108236e-08
2.484027777777777810e+05,1.406747213066210644e+00,6.950943437525354263e-01,-3.436108116568663967e-02,-1.473357715378471312e+03,-7.280075658024649101e+02,3.598810331663155182e+01,2.031254046245294726e-08
2.496701388888888760e+05,1.413802114751048222e+00,6.986224861574408251e-01,-3.453357890351638204e-02,-1.480746671782327212e+03,-7.317027683128654871e+02,3.616876894763914407e+01,2.031254045165482567e-08
2.509375000000000000e+05,1.420856868711051879e+00,7.021505555649374397e-01,-3.470607303301426888e-02,-1.488135473466471240e+03,-7.353978943693772408e+02,3.634943079945775679e+01,2.031254044107126149e-08
2.522048611111110949e+05,1.427911476414679637e+00,7.056785526963322841e-01,-3.487856359003093515e-02,-1.495524121968893269e+03,-7.390929447274609174e+02,3.653008890963555899e+01,2.031254043069694423e-08
2.534722222222222190e+05,1.434965939308571192e+00,7.092064782622791164e-01,-3.505105060988463611e-02,-1.502912618804733256e+03,-7.427879201314206057e+02,3.671074331516317102e+01,2.031254042052671227e-08
2.547395833333333139e+05,1.442020258817980904e+00,7.127343329629869384e-01,-3.522353412737178752e-02,-1.510300965466732123e+03,-7.464828213146212192e+02,3.689139405248462111e+01,2.031254041055558269e-08
2.560069444444444380e+05,1.449074436347197015e+00,7.162621174884269415e-01,-3.539601417677714496e-02,-1.517689163425671723e+03,-7.501776489997034787e+02,3.707204115750808171e+01,2.031254040077868835e-08
2.572743055555555620e+05,1.456128473279949764e+00,7.197898325185267954e-01,-3.556849079188383056e-02,-1.525077214130803441e+03,-7.538724038987910490e+02,3.725268466561634284e+01,2.031254039119133749e-08
2.585416666666666570e+05,1.463182370979812852e+00,7.233174787233682679e-01,-3.574096400598308909e-02,-1.532465119010267244e+03,-7.575670867136944935e+02,3.743332461167700842e+01,2.031254038178894091e-08
2.598090277777777810e+05,1.470236130790593565e+00,7.268450567633757409e-01,-3.591343385188379422e-02,-1.539852879471500046e+03,-7.612616981361092030e+02,3.761396103005246516e+01,2.031254037256706491e-08
2.610763888888888760e+05,1.477289754036710923e+00,7.303725672895000631e-01,-3.608590036192171197e-02,-1.547240496901633833e+03,-7.649562388478095727e+02,3.779459395460961701e+01,2.031254036352139161e-08
2.623437500000000000e+05,1.484343242023570264e+00,7.339000109434001828e-01,-3.625836356796861143e-02,-1.554627972667885615e+03,-7.686507095208373812e+02,3.797522341872936380e+01,2.031254035464772557e-08
2.636111111111111240e+05,1.491396596037924516e+00,7.374273883576194510e-01,-3.643082350144101478e-02,-1.562015308117936456e+03,-7.723451108176868729e+02,3.815584945531584538e+01,2.031254034594199373e-08
2.648784722222221899e+05,1.498449817348227020e+00,7.409547001557557078e-01,-3.660328019330894717e-02,-1.569402504580302548e+03,-7.760394433914848378e+02,3.833647209680552947e+01,2.031254033740024548e-08
2.661458333333333139e+05,1.505502907204979479e+00,7.444819469526324784e-01,-3.677573367410429811e-02,-1.576789563364697415e+03,-7.797337078861660302e+02,3.851709137517600823e+01,2.031254032901863940e-08
2.674131944444444380e+05,1.512555866841067909e+00,7.480091293544604003e-01,-3.694818397392905795e-02,-1.584176485762385255e+03,-7.834279049366459731e+02,3.869770732195463836e+01,2.031254032079342339e-08
2.686805555555555620e+05,1.519608697472092596e+00,7.515362479589977607e-01,-3.712063112246340169e-02,-1.591563273046525865e+03,-7.871220351689877361e+02,3.887831996822694691e+01,2.031254031272097110e-08
2.699479166666666861e+05,1.526661400296690063e+00,7.550633033557092588e-01,-3.729307514897346743e-02,-1.598949926472512288e+03,-7.908160992005667822e+02,3.905892934464486643e+01,2.031254030479775543e-08
2.712152777777777519e+05,1.533713976496847931e+00,7.585902961259152200e-01,-3.746551608231910718e-02,-1.606336447278299829e+03,-7.945100976402303559e+02,3.923953548143477121e+01,2.031254029702033200e-08
2.724826388888888760e+05,1.540766427238211556e+00,7.621172268429454721e-01,-3.763795395096132534e-02,-1.613722836684728009e+03,-7.982040310884544851e+02,3.942013840840532168e+01,2.031254028938536230e-08
2.737500000000000000e+05,1.547818753670384240e+00,7.656440960722805666e-01,-3.781038878296960615e-02,-1.621109095895835026e+03,-8.018979001374968902e+02,3.960073815495512406e+01,2.031254028188960379e-08
2.750173611111111240e+05,1.554870956927221437e+00,7.691709043716983274e-01,-3.798282060602912319e-02,-1.628495226099164483e+03,-8.055917053715460270e+02,3.978133475008025499e+01,2.031254027452988671e-08
2.762847222222221899e+05,1.561923038127115193e+00,7.726976522914115186e-01,-3.815524944744765751e-02,-1.635881228466065977e+03,-8.092854473668677429e+02,3.996192822238153042e+01,2.031254026730314388e-08
2.775520833333333139e+05,1.568974998373277030e+00,7.762243403742041803e-01,-3.832767533416246014e-02,-1.643267104151988406e+03,-8.129791266919471582e+02,4.014251860007171047e+01,2.031254026020637760e-08
2.788194444444444380e+05,1.576026838754010173e+00,7.797509691555652989e-01,-3.850009829274697593e-02,-1.650652854296766918e+03,-8.166727439076292967e+02,4.032310591098249120e+01,2.031254025323668610e-08
2.800868055555555620e+05,1.583078560342976671e+00,7.832775391638189255e-01,-3.867251834941726196e-02,-1.658038480024902583e+03,-8.203662995672543730e+02,4.050369018257131160e+01,2.031254024639122059e-08
2.813541666666666861e+05,1.590130164199460960e+00,7.868040509202509636e-01,-3.884493553003851019e-02,-1.665423982445837282e+03,-8.240597942167923975e+02,4.068427144192807532e+01,2.031254023966723483e-08
2.826215277777777519e+05,1.597181651368623889e+00,7.903305049392357340e-01,-3.901734986013116746e-02,-1.672809362654221104e+03,-8.277532283949725525e+02,4.086484971578165926e+01,2.031254023306204544e-08
2.838888888888888760e+05,1.604233022881753179e+00,7.938569017283547691e-01,-3.918976136487712508e-02,-1.680194621730174276e+03,-8.314466026334113167e+02,4.104542503050631552e+01,2.031254022657303191e-08
2.851562500000000000e+05,1.611284279756509230e+00,7.973832417885182711e-01,-3.936217006912562377e-02,-1.687579760739544099e+03,-8.351399174567374075e+02,4.122599741212793134e+01,2.031254022019764983e-08
2.864236111111111240e+05,1.618335422997163597e+00,8.009095256140807972e-01,-3.953457599739915174e-02,-1.694964780734154601e+03,-8.388331733827131984e+02,4.140656688633013971e+01,2.031254021393343091e-08
2.876909722222221899e+05,1.625386453594832359e+00,8.044357536929551689e-01,-3.970697917389910681e-02,-1.702349682752052558e+03,-8.425263709223548858e+02,4.158713347846029507e+01,2.031254020777794653e-08
2.889583333333333139e+05,1.632437372527706376e+00,8.079619265067243816e-01,-3.987937962251136836e-02,-1.709734467817746690e+03,-8.462195105800484498e+02,4.176769721353529974e+01,2.031254020172885081e-08
2.902256944444444380e+05,1.639488180761274672e+00,8.114880445307506296e-01,-4.005177736681184153e-02,-1.717119136942442537e+03,-8.499125928536648189e+02,4.194825811624738776e+01,2.031254019578386404e-08
2.914930555555555620e+05,1.646538879248543807e+00,8.150141082342814425e-01,-4.022417243007172377e-02,-1.724503691124272109e+03,-8.536056182346710557e+02,4.212881621096966711e+01,2.031254018994073629e-08
2.927604166666666861e+05,1.653589468930251272e+00,8.185401180805553789e-01,-4.039656483526278541e-02,-1.731888131348517845e+03,-8.572985872082399510e+02,4.230937152176163352e+01,2.031254018419730697e-08
2.940277777777777519e+05,1.660639950735077530e+00,8.220660745269030567e-01,-4.056895460506245582e-02,-1.739272458587833171e+03,-8.609915002533574580e+02,4.248992407237451374e+01,2.031254017855145849e-08
2.952951388888888760e+05,1.667690325579848087e+00,8.255919780248481832e-01,-4.074134176185886802e-02,-1.746656673802457135e+03,-8.646843578429270565e+02,4.267047388625652360e+01,2.031254017300111298e-08
2.965625000000000000e+05,1.674740594369738433e+00,8.291178290202054768e-01,-4.091372632775572282e-02,-1.754040777940425187e+03,-8.683771604438728673e+02,4.285102098655800518e+01,2.031254016754427196e-08
2.978298611111111240e+05,1.681790757998468333e+00,8.326436279531750362e-01,-4.108610832457712525e-02,-1.761424771937775176e+03,-8.720699085172395826e+02,4.303156539613645037e+01,2.031254016217896675e-08
2.990972222222221899e+05,1.688840817348494561e+00,8.361693752584395956e-01,-4.125848777387226829e-02,-1.768808656718749262e+03,-8.757626025182914873e+02,4.321210713756141786e+01,2.031254015690328490e-08
3.003645833333333139e+05,1.695890773291200304e+00,8.396950713652522325e-01,-4.143086469692004725e-02,-1.776192433195991271e+03,-8.794552428966079560e+02,4.339264623311937896e+01,2.031254015171536361e-08
3.016319444444444380e+05,1.702940626687079906e+00,8.432207166975305146e-01,-4.160323911473354924e-02,-1.783576102270739966e+03,-8.831478300961788364e+02,4.357318270481839306e+01,2.031254014661337977e-08
3.028993055555555620e+05,1.709990378385918053e+00,8.467463116739415430e-01,-4.177561104806447323e-02,-1.790959664833018905e+03,-8.868403645554957393e+02,4.375371657439277584e+01,2.031254014159556982e-08
3.041666666666666861e+05,1.717040029226969189e+00,8.502718567079903256e-01,-4.194798051740745992e-02,-1.798343121761821521e+03,-8.905328467076431025e+02,4.393424786330759702e+01,2.031254013666019008e-08
3.054340277777777519e+05,1.724089580039130487e+00,8.537973522081037103e-01,-4.212034754300430367e-02,-1.805726473925293021e+03,-8.942252769803869796e+02,4.411477659276312124e+01,2.031254013180556633e-08
3.067013888888888760e+05,1.731139031641109050e+00,8.573227985777123195e-01,-4.229271214484810193e-02,-1.813109722180907966e+03,-8.979176557962612151e+02,4.429530278369914242e+01,2.031254012703005082e-08
3.079687500000000000e+05,1.738188384841592216e+00,8.608481962153333722e-01,-4.246507434268734921e-02,-1.820492867375645346e+03,-9.016099835726531637e+02,4.447582645679924696e+01,2.031254012233202890e-08
3.092361111111111240e+05,1.745237640439408544e+00,8.643735455146499547e-01,-4.263743415602987141e-02,-1.827875910346158435e+03,-9.053022607218863413e+02,4.465634763249497041e+01,2.031254011770994216e-08
3.105034722222221899e+05,1.752286799223686797e+00,8.678988468645874033e-01,-4.280979160414673246e-02,-1.835258851918942355e+03,-9.089944876513028476e+02,4.483686633096988317e+01,2.031254011316225866e-08
3.117708333333333139e+05,1.759335861974014703e+00,8.714241006493916863e-01,-4.298214670607609228e-02,-1.842641692910498477e+03,-9.126866647633426055e+02,4.501738257216360495e+01,2.031254010868748948e-08
3.130381944444444380e+05,1.766384829460590389e+00,8.749493072487033452e-01,-4.315449948062687752e-02,-1.850024434127494487e+03,-9.163787924556220332e+02,4.519789637577569863e+01,2.031254010428416554e-08
3.143055555555555620e+05,1.773433702444373150e+00,8.784744670376301023e-01,-4.332684994638250076e-02,-1.857407076366921729e+03,-9.200708711210113506e+02,4.537840776126950715e+01,2.031254009995088064e-08
3.155729166666666861e+05,1.780482481677231110e+00,8.819995803868210249e-01,-4.349919812170448957e-02,-1.864789620416250045e+03,-9.237629011477090444e+02,4.555891674787596202e+01,2.031254009568624181e-08
3.168402777777777519e+05,1.787531167902086215e+00,8.855246476625342478e-01,-4.367154402473589353e-02,-1.872172067053578530e+03,-9.274548829193165602e+02,4.573942335459723552e+01,2.031254009148889577e-08
3.181076388888888760e+05,1.794579761853053235e+00,8.890496692267075840e-01,-4.384388767340484383e-02,-1.879554417047783772e+03,-9.311468168149096982e+02,4.591992760021035735e+01,2.031254008735751242e-08
3.193750000000000000e+05,1.801628264255581646e+00,8.925746454370266925e-01,-4.401622908542789786e-02,-1.886936671158664922e+03,-9.348387032091105766e+02,4.610042950327076738e+01,2.031254008329081460e-08
3.206423611111111240e+05,1.808676675826589753e+00,8.960995766469903590e-01,-4.418856827831334905e-02,-1.894318830137087389e+03,-9.385305424721564123e+02,4.628092908211580436e+01,2.031254007928752844e-08
3.219097222222221899e+05,1.815724997274597685e+00,8.996244632059759994e-01,-4.436090526936450895e-02,-1.901700894725120406e+03,-9.422223349699683013e+02,4.646142635486809525e+01,2.031254007534641979e-08
3.231770833333333139e+05,1.822773229299859743e+00,9.031493054593042746e-01,-4.453324007568287141e-02,-1.909082865656175500e+03,-9.459140810642177257e+02,4.664192133943890184e+01,2.031254007146630083e-08
3.244444444444444380e+05,1.829821372594491846e+00,9.066741037483008192e-01,-4.470557271417124195e-02,-1.916464743655140637e+03,-9.496057811123921510e+02,4.682241405353140351e+01,2.031254006764597048e-08
3.257118055555555620e+05,1.836869427842595881e+00,9.101988584103577473e-01,-4.487790320153683954e-02,-1.923846529438511197e+03,-9.532974354678598274e+02,4.700290451464389463e+01,2.031254006388431039e-08
3.269791666666666861e+05,1.843917395720386265e+00,9.137235697789944933e-01,-4.505023155429425247e-02,-1.931228223714519572e+03,-9.569890444799322040e+02,4.718339274007295359e+01,2.031254006018017907e-08
3.282465277777777519e+05,1.850965276896307188e+00,9.172482381839157650e-01,-4.522255778876844989e-02,-1.938609827183262041e+03,-9.606806084939264565e+02,4.736387874691654076e+01,2.031254005653248793e-08
3.295138888888888760e+05,1.858013072031152735e+00,9.207728639510717183e-01,-4.539488192109759901e-02,-1.945991340536822690e+03,-9.643721278512256276e+02,4.754436255207699702e+01,2.031254005294015502e-08
3.307812500000000000e+05,1.865060781778185683e+00,9.242974474027116916e-01,-4.556720396723599326e-02,-1.953372764459395285e+03,-9.680636028893388811e+02,4.772484417226404929e+01,2.031254004940214142e-08
3.320486111111111240e+05,1.872108406783248080e+00,9.278219888574430474e-01,-4.573952394295678625e-02,-1.960754099627403093e+03,-9.717550339419592547e+02,4.790532362399772381e+01,2.031254004591742802e-08
3.333159722222221899e+05,1.879155947684874040e+00,9.313464886302842416e-01,-4.591184186385473265e-02,-1.968135346709615987e+03,-9.754464213390212990e+02,4.808580092361119540e+01,2.031254004248500567e-08
3.345833333333333139e+05,1.886203405114401432e+00,9.348709470327181137e-01,-4.608415774534886655e-02,-1.975516506367265492e+03,-9.791377654067578078e+02,4.826627608725360119e+01,2.031254003910390161e-08
3.358506944444444380e+05,1.893250779696077579e+00,9.383953643727467320e-01,-4.625647160268515218e-02,-1.982897579254158018e+03,-9.828290664677540462e+02,4.844674913089281176e+01,2.031254003577315961e-08
3.371180555555555620e+05,1.900298072047166720e+00,9.419197409549413536e-01,-4.642878345093903736e-02,-1.990278566016785817e+03,-9.865203248410031165e+02,4.862722007031812410e+01,2.031254003249183338e-08
3.383854166666666861e+05,1.907345282778053264e+00,9.454440770804928285e-01,-4.660109330501803482e-02,-1.997659467294434990e+03,-9.902115408419579126e+02,4.880768892114290480e+01,2.031254002925903619e-08
3.396527777777777519e+05,1.914392412492343931e+00,9.489683730472637802e-01,-4.677340117966414385e-02,-2.005040283719293257e+03,-9.939027147825845532e+02,4.898815569880721910e+01,2.031254002607384489e-08
3.409201388888888760e+05,1.921439461786966341e+00,9.524926291498350128e-01,-4.694570708945636217e-02,-2.012421015916553870e+03,-9.975938469714127450e+02,4.916862041858038168e+01,2.031254002293539922e-08
3.421875000000000000e+05,1.928486431252269817e+00,9.560168456795548053e-01,-4.711801104881302438e-02,-2.019801664504519067e+03,-1.001284937713586260e+03,4.934908309556345074e+01,2.031254001984283892e-08
3.434548611111111240e+05,1.935533321472119539e+00,9.595410229245866507e-01,-4.729031307199420275e-02,-2.027182230094701026e+03,-1.004975987310912956e+03,4.952954374469172194e+01,2.031254001679533680e-08
3.447222222222221899e+05,1.942580133023992683e+00,9.630651611699529990e-01,-4.746261317310399019e-02,-2.034562713291920545e+03,-1.008666996061912300e+03,4.971000238073711586e+01,2.031254001379207230e-08
3.459895833333333139e+05,1.949626866479070575e+00,9.665892606975852175e-01,-4.763491136609275534e-02,-2.041943114694404812e+03,-1.012357964261864026e+03,4.989045901831057250e+01,2.031254001083224139e-08
3.472569444444444380e+05,1.956673522402330168e+00,9.701133217863626701e-01,-4.780720766475940464e-02,-2.049323434893883132e+03,-1.016048892202853722e+03,5.007091367186438902e+01,2.031254000791506323e-08
3.485243055555555620e+05,1.963720101352634417e+00,9.736373447121613456e-01,-4.797950208275354733e-02,-2.056703674475679691e+03,-1.019739780173820009e+03,5.025136635569449339e+01,2.031254000503977019e-08
3.497916666666666861e+05,1.970766603882817769e+00,9.771613297478949356e-01,-4.815179463357764644e-02,-2.064083834018807920e+03,-1.023430628460598541e+03,5.043181708394270402e+01,2.031254000220561118e-08
3.510590277777777519e+05,1.977813030539774974e+00,9.806852771635559129e-01,-4.832408533058914213e-02,-2.071463914096057579e+03,-1.027121437345967252e+03,5.061226587059892523e+01,2.031253999941186822e-08
3.523263888888888760e+05,1.984859381864545691e+00,9.842091872262594965e-01,-4.849637418700249170e-02,-2.078843915274087522e+03,-1.030812207109688416e+03,5.079271272950333582e+01,2.031253999665780015e-08
3.535937500000000000e+05,1.991905658392398193e+00,9.877330602002829529e-01,-4.866866121589122351e-02,-2.086223838113509828e+03,-1.034502938028553672e+03,5.097315767434852063e+01,2.031253999394271214e-08
3.548611111111111240e+05,1.998951860652908641e+00,9.912568963471057870e-01,-4.884094643018994236e-02,-2.093603683168978023e+03,-1.038193630376423926e+03,5.115360071868153824e+01,2.031253999126592259e-08
3.561284722222221899e+05,2.005997989170043461e+00,9.947806959254497094e-01,-4.901322984269629313e-02,-2.100983450989268476e+03,-1.041884284424271073e+03,5.133404187590600287e+01,2.031253998862675652e-08
3.573958333333333139e+05,2.013044044462240834e+00,9.983044591913168286e-01,-4.918551146607286206e-02,-2.108363142117366806e+03,-1.045574900440219153e+03,5.151448115928409521e+01,2.031253998602455219e-08
3.586631944444444380e+05,2.020090027042481751e+00,1.001828186398028064e+00,-4.935779131284909194e-02,-2.115742757090545183e+03,-1.049265478689584143e+03,5.169491858193853773e+01,2.031253998345867102e-08
3.599305555555555620e+05,2.027135937418373501e+00,1.005351877796259785e+00,-4.953006939542316245e-02,-2.123122296440446007e+03,-1.052956019434912150e+03,5.187535415685455575e+01,2.031253998092847111e-08
3.611979166666666861e+05,2.034181776092219618e+00,1.008875533634080668e+00,-4.970234572606376661e-02,-2.130501760693157394e+03,-1.056646522936018300e+03,5.205578789688178887e+01,2.031253997843333704e-08
3.624652777777777519e+05,2.041227543561096258e+00,1.012399154156989445e+00,-4.987462031691195646e-02,-2.137881150369292300e+03,-1.060336989450025158e+03,5.223621981473618092e+01,2.031253997597266662e-08
3.637326388888888760e+05,2.048273240316923260e+00,1.015922739607947101e+00,-5.004689317998289172e-02,-2.145260465984062648e+03,-1.064027419231398653e+03,5.241664992300180614e+01,2.031253997354586098e-08
3.650000000000000000e+05,2.055318866846534753e+00,1.019446290227414842e+00,-5.021916432716757445e-02,-2.152639708047355725e+03,-1.067717812531986056e+03,5.259707823413271655e+01,2.031253997115235101e-08
