# N, dt, tmax
# 3, 1262.9757785467127, 365000
# t, xSun, ySun, zSun, xJup, yJup, zJup, xSat, ySat, zSat E
0.000000000000000000e+00,-5.170151348210463502e-03,-3.199338259971517759e-03,1.635266715080669990e-04,2.656108531185689348e+00,4.247624964374128176e+00,-7.703558120299193457e-02,9.214417335570990630e+00,-2.995248118946571392e+00,-3.147370095891919850e-01,-3.155910129732769618e-08
1.267361111111111086e+03,7.572133292940373336e-03,-2.996273270583035830e-03,-9.718870717972284007e-05,-1.050956476082050983e+01,1.800548207223040542e+00,2.277160939909554371e-01,8.613334890136911781e+00,4.467512672923175110e+00,-4.205839794378615770e-01,8.558563548634165741e-09
2.534722222222222172e+03,1.768554283409466688e-02,-1.465064169766227414e-03,-3.354957674673178319e-04,-1.959168929687324479e+01,-1.346689770554539978e+00,4.440090251335639393e-01,3.569476299251206353e+00,9.622800908783689877e+00,-3.093700270750958103e-01,5.705498876159935777e-09
3.802083333333333030e+03,2.707931942598296518e-02,1.187622536277202490e-03,-5.860228734747265295e-04,-2.745561038386101416e+01,-4.410282541635675457e+00,6.326958792393688746e-01,-3.025771111261438051e+00,1.057568521233819503e+01,-6.320644021488944220e-02,5.442310952933148424e-09
5.069444444444444343e+03,3.559021993768053671e-02,4.818345305553764502e-03,-8.296624602840700809e-04,-3.471829461430483121e+01,-7.377302525585533566e+00,8.075277085123794274e-01,-8.540733280471622280e+00,7.784760110714810999e+00,2.051389774146826217e-01,5.385714201114329022e-09
6.336805555555555657e+03,4.300709882760442304e-02,9.050810209060802802e-03,-1.047292055890193096e-03,-4.161535720039395159e+01,-1.026661353678848521e+01,9.738553992047571661e-01,-1.144986156728683468e+01,2.629341063173732174e+00,4.109023657028821885e-01,5.362767484147689170e-09
7.604166666666666060e+03,4.924137868315781041e-02,1.344016806863523872e-02,-1.225487522685688498e-03,-4.826355925643784417e+01,-1.309451850275012497e+01,1.134359720462196242e+00,-1.105332822857773323e+01,-3.279997017506071533e+00,4.981712148374721205e-01,5.344056766343348979e-09
8.871527777777777374e+03,5.434028634107965217e-02,1.749712411813496293e-02,-1.356338335060012189e-03,-5.473002035618159766e+01,-1.587311519504625856e+01,1.290592811841048571e+00,-7.292161490191401363e+00,-8.191249382785006361e+00,4.340897059582937700e-01,5.315485150652746336e-09
1.013888888888888869e+04,5.856645804846742631e-02,2.068888377430712355e-02,-1.440203981357497578e-03,-6.105720391311639617e+01,-1.861132078410602020e+01,1.443541716939803043e+00,-9.432620570994521003e-01,-1.021086788697847680e+01,2.166186918548388962e-01,5.260677008957296851e-09
1.140625000000000000e+04,6.256277024186708557e-02,2.257863394731556006e-02,-1.494511412261305839e-03,-6.727383216791589859e+01,-2.131582800674516420e+01,1.593876840879302481e+00,5.840458858003066744e+00,-7.788486111712844995e+00,-9.551983993368746984e-02,5.186642454323742281e-09
1.267361111111111131e+04,6.732303063645828090e-02,2.329202710546883492e-02,-1.560612418219942035e-03,-7.340032033879946027e+01,-2.399177366456190086e+01,1.742076329833940340e+00,9.650754608122774414e+00,-1.346491511112746231e+00,-3.592704402078071846e-01,5.180188591933547712e-09
1.394097222222222263e+04,7.343408535159626216e-02,2.377868529924127838e-02,-1.678106900510065343e-03,-7.945174700651310218e+01,-2.664318420819082789e+01,1.888494326603838092e+00,8.485144201043819834e+00,5.806697278123706063e+00,-4.372917675447344776e-01,5.249177931676446477e-09
1.520833333333333212e+04,8.054870204313073490e-02,2.497664928477263957e-02,-1.849272877202714225e-03,-8.543959471356576785e+01,-2.927327450676162357e+01,2.033401125720261327e+00,3.596629913718548455e+00,1.040046343281308694e+01,-3.225178704436775790e-01,5.302486992463082465e-09
1.647569444444444525e+04,8.797159481525361480e-02,2.722027439543164840e-02,-2.052067735609179773e-03,-9.137282705038509789e+01,-3.188465285114929770e+01,2.177008126918143827e+00,-2.552675257342260196e+00,1.127391226892353338e+01,-9.276193336479947316e-02,5.325744562089497416e-09
1.774305555555555475e+04,9.511808351772492454e-02,3.043231214766570214e-02,-2.261721186922835240e-03,-9.725858620689253087e+01,-3.447946547608966483e+01,2.319484054624836755e+00,-7.893650936600482559e+00,8.704434513065150369e+00,1.647637261957771715e-01,5.332092151847064325e-09
1.901041666666666788e+04,1.015675925160644394e-01,3.434380975860273910e-02,-2.456685498602856170e-03,-1.031026623968054565e+02,-3.705950075472176763e+01,2.460965900310890575e+00,-1.093574522061971521e+01,3.638825224745676934e+00,3.742255803162998218e-01,5.326951075809904972e-09
2.027777777777777737e+04,1.070318844774715422e-01,3.855287905356079292e-02,-2.618387741224688196e-03,-1.089098200129572405e+02,-3.962626569676820765e+01,2.601566536887072623e+00,-1.065476414908906477e+01,-2.512039839589648604e+00,4.702767952925469008e-01,5.306343695305941972e-09
2.154513888888888687e+04,1.113942451148541984e-01,4.249679719463947403e-02,-2.732299520571284095e-03,-1.146840303616171610e+02,-4.218104290770048692e+01,2.741380157168202825e+00,-6.629166284974749246e+00,-7.775419725036371688e+00,4.017810903860352667e-01,5.257521789188687781e-09
2.281250000000000000e+04,1.149033103004847151e-01,4.547341191829179508e-02,-2.796023572607097066e-03,-1.204286412996345206e+02,-4.472493348946939307e+01,2.880486244653109651e+00,2.824784901995267550e-01,-9.691442515413774217e+00,1.600871412696482643e-01,5.185204278063440197e-09
2.407986111111110949e+04,1.184113178234773717e-01,4.701846661958744567e-02,-2.835347825112115999e-03,-1.261465030499635986e+02,-4.725888996976407697e+01,3.018952529378948757e+00,7.108482259759273170e+00,-6.632913790731479686e+00,-1.648226830853567471e-01,5.173332915699662677e-09
2.534722222222222263e+04,1.229392719675874435e-01,4.755797025240413034e-02,-2.898290649923572840e-03,-1.318400633674758637e+02,-4.978374223605877802e+01,3.156837229409795054e+00,1.028545190137064580e+01,-8.728094181824017084e-02,-4.051700715171422940e-01,5.241611494298760322e-09
2.661458333333333212e+04,1.287492321679735707e-01,4.807218714613556432e-02,-3.012311424818568499e-03,-1.375114410218023409e+02,-5.230021813761906202e+01,3.294190779224964061e+00,8.903755571529233137e+00,6.518830690459759936e+00,-4.650680004114980948e-01,5.297835097810620906e-09
2.788194444444444525e+04,1.354509592624471570e-01,4.925093135226182861e-02,-3.173846088594150378e-03,-1.431624831887834262e+02,-5.480895979531453577e+01,3.431057179020293724e+00,4.334655827373968151e+00,1.077453167770850229e+01,-3.571308474573601788e-01,5.323118453262758960e-09
2.914930555555555475e+04,1.425051267110405695e-01,5.136863942666719529e-02,-3.366166121688563169e-03,-1.487948106343920074e+02,-5.731053667413670638e+01,3.567475059855611086e+00,-1.529819377442350525e+00,1.172171925851527341e+01,-1.400055644557866852e-01,5.330662602779207616e-09
3.041666666666666424e+04,1.494051123127803637e-01,5.444081908189601915e-02,-3.569340185408238948e-03,-1.544098537192754463e+02,-5.980545624656801351e+01,3.703478534586735815e+00,-6.912680869462820787e+00,9.307840933867321809e+00,1.164722264321867429e-01,5.326562808743808537e-09
3.168402777777777737e+04,1.556857186757450440e-01,5.829861600972491287e-02,-3.761879217124253130e-03,-1.600088814459194850e+02,-6.229417279035922661e+01,3.839097885208367256e+00,-1.018238625947303966e+01,4.125082130976296391e+00,3.370306338760827858e-01,5.307488625518852159e-09
3.295138888888889051e+04,1.609360593277271156e-01,6.255057879140948907e-02,-3.920583199171393841e-03,-1.655930251530843691e+02,-6.477709469982393387e+01,3.974360123482759910e+00,-9.897837624842400928e+00,-2.455859456972203425e+00,4.404236081830539273e-01,5.261063613407191871e-09
3.421875000000000000e+04,1.649590751496551599e-01,6.649339262260303696e-02,-4.025337456377819575e-03,-1.711632980289760724e+02,-6.725459057611872993e+01,4.109289452073398685e+00,-5.366319741732617388e+00,-7.973491749503931914e+00,3.562072985366021016e-01,5.188733569923893708e-09
3.548611111111110949e+04,1.681682734179345551e-01,6.926640230221645100e-02,-4.077599276507531609e-03,-1.767206112677477563e+02,-6.972699428603750960e+01,4.243907646322452543e+00,1.968723596034419376e+00,-9.416047251725274236e+00,8.940670540916093034e-02,5.170206080731749599e-09
3.675347222222221899e+04,1.716358288983652336e-01,7.061278757130937112e-02,-4.115567569904964897e-03,-1.822657874620270206e+02,-7.219460920116412694e+01,4.378234372113846362e+00,8.359472181423527104e+00,-5.884131430824813158e+00,-2.264204926911320137e-01,5.236373685382591670e-09
3.802083333333333576e+04,1.761564399418941440e-01,7.118110474127919973e-02,-4.182161016370646370e-03,-1.877995718186326997e+02,-7.465771185042511604e+01,4.512287452866255322e+00,1.102848579710422783e+01,3.544686619378454862e-01,-4.412002684840144462e-01,5.294862326822224266e-09
3.928819444444444525e+04,1.818086410559920374e-01,7.177516188193508451e-02,-4.294489173362231980e-03,-1.933226416986733227e+02,-7.711655506505654500e+01,4.646083095736594615e+00,9.703305738567493677e+00,6.488801653304795636e+00,-4.951359205796735941e-01,5.321806916722558811e-09
4.055555555555555475e+04,1.882976525116859534e-01,7.293583948681062190e-02,-4.450220849061874151e-03,-1.988356147374376803e+02,-7.957137064739117704e+01,4.779636083876872554e+00,5.417161938895945994e+00,1.062759119044312683e+01,-3.964315509249812797e-01,5.330261243242738561e-09
4.182291666666666424e+04,1.952086043547323624e-01,7.496294434133884965e-02,-4.638046618908926548e-03,-2.043390557542905128e+02,-8.202237165455858303e+01,4.912959940467737319e+00,-3.768052299761122659e-01,1.172279669331208396e+01,-1.846937511815302246e-01,5.326959214325471739e-09
4.309027777777777374e+04,2.020623013899517373e-01,7.797725961109838733e-02,-4.840979499186817345e-03,-2.098334826661443913e+02,-8.446975437822617039e+01,5.046067069473700428e+00,-6.000596337998723939e+00,9.352562954098507575e+00,8.061399210838096629e-02,5.309189667488136537e-09
4.435763888888889051e+04,2.083053247179953438e-01,8.188922424428068947e-02,-5.035415331935116229e-03,-2.153193715836885076e+02,-8.691370007622452931e+01,5.178968877119025649e+00,-9.516710125600447157e+00,3.830788300618160669e+00,3.168840303307153272e-01,5.265001725338426522e-09
4.562500000000000000e+04,2.133832142006697463e-01,8.624423608362902227e-02,-5.191352626686462912e-03,-2.207971612359820881e+02,-8.935437649593318099e+01,5.311675877296280213e+00,-8.984127834912465360e+00,-3.251726131028194189e+00,4.191332277005205831e-01,5.192946701243414717e-09
4.689236111111110949e+04,2.171325467665407016e-01,9.011677990850547326e-02,-5.286159458913505631e-03,-2.262672568392846131e+02,-9.179193921137381551e+01,5.444197783451155459e+00,-3.829826875712959211e+00,-8.656921918627009660e+00,3.081605528812995654e-01,5.167881491791980053e-09
4.815972222222221899e+04,2.202658643859834453e-01,9.267014325431133237e-02,-5.333627443752474509e-03,-2.317300334789514977e+02,-9.422653278080271377e+01,5.576543588806686991e+00,3.454907053502188852e+00,-9.457417779160707028e+00,3.218032880588266725e-02,5.231356383580693253e-09
4.942708333333333576e+04,2.238183104693335368e-01,9.396370324772884697e-02,-5.375997262105932858e-03,-2.371858390450383069e+02,-9.665829175870420897e+01,5.708721636474550998e+00,9.250207410636411609e+00,-5.860471051302095447e+00,-2.610734571084931122e-01,5.291999088944800647e-09
5.069444444444444525e+04,2.283269019623696827e-01,9.461975121794713450e-02,-5.445479573277718296e-03,-2.426349968117804110e+02,-9.908734161110089644e+01,5.840739681205440625e+00,1.167861840539452345e+01,-4.249596349438211629e-02,-4.589508061021586593e-01,5.320633145950805142e-09
5.196180555555555475e+04,2.338560174058654795e-01,9.526103188137741151e-02,-5.555475321623338028e-03,-2.480778077349345097e+02,-1.015137995338782844e+02,5.972604944080422307e+00,1.051594305583882161e+01,5.818479643104228494e+00,-5.145980793199993464e-01,5.329993444485090055e-09
5.322916666666666424e+04,2.402284061362740530e-01,9.637254921871307722e-02,-5.707366865252560748e-03,-2.535145524897536120e+02,-1.039377751730260684e+02,6.104324160951017930e+00,6.383158202741800125e+00,1.002623268877630558e+01,-4.232021561614044969e-01,5.327451256549221761e-09
5.449652777777777374e+04,2.471149640112872969e-01,9.832188950970571772e-02,-5.894446252667670874e-03,-2.589454932744395705e+02,-1.063593712622031688e+02,6.235903625404126238e+00,4.323766474793959702e-01,1.129525510803238753e+01,-2.082490986530062260e-01,5.310909922436122458e-09
5.576388888888889051e+04,2.540140085532504033e-01,1.013444059374677408e-01,-6.100832041153417956e-03,-2.643708754098597069e+02,-1.087786841929059278e+02,6.367349226990347333e+00,-5.580650018086680042e+00,8.802581393909299834e+00,7.468665027916125687e-02,5.268900039131355765e-09
5.703125000000000000e+04,2.602232942337436850e-01,1.053858818724808244e-01,-6.297615264429993857e-03,-2.697909287650227270e+02,-1.111958045294178277e+02,6.498666485366930701e+00,-9.198633498399729547e+00,2.738168867534318540e+00,3.244603871217782709e-01,5.197456606774480292e-09
5.829861111111110949e+04,2.650814821528434395e-01,1.098000531361841281e-01,-6.447206301773115641e-03,-2.752058690369596547e+02,-1.136108174778165250e+02,6.629860580929071823e+00,-8.107428044372191778e+00,-4.637005339978848006e+00,4.095628002513259647e-01,5.166106579183123706e-09
5.956597222222221899e+04,2.686712778053363948e-01,1.134958301167889871e-01,-6.533893927608166313e-03,-2.806158989096497294e+02,-1.160238033099737009e+02,6.760936382387679799e+00,-2.595668259670334432e+00,-9.505939603523405168e+00,2.750182917698017482e-01,5.226353566359051035e-09
6.083333333333332848e+04,2.718747443355623572e-01,1.159074478021278609e-01,-6.582941349591918054e-03,-2.860212090961948093e+02,-1.184348377373406436e+02,6.891898471545733429e+00,4.251743440702408172e+00,-9.889282117369663894e+00,9.184622187588217454e-03,5.289054245358745998e-09
6.210069444444444525e+04,2.755040480007037162e-01,1.172358436912714352e-01,-6.630180088958631535e-03,-2.914219792660747999e+02,-1.208439922476761694e+02,7.022751165550663366e+00,9.594373606016491252e+00,-6.489692283599961087e+00,-2.626106146062415769e-01,5.319438639367765723e-09
6.336805555555555475e+04,2.799721213387788565e-01,1.179648777178843311e-01,-6.700473091592613895e-03,-2.968183788843579691e+02,-1.232513344182297601e+02,7.153498537046394823e+00,1.198831159694040949e+01,-9.995317056801709121e-01,-4.534081106583895959e-01,5.329729414823751736e-09
6.463541666666666424e+04,2.854051314894328062e-01,1.185997613229734515e-01,-6.807637754004526413e-03,-3.022105679786777728e+02,-1.256569282019235629e+02,7.284144432484391807e+00,1.099274744089634126e+01,4.814136337989856962e+00,-5.148861674441063130e-01,5.327932762168350284e-09
6.590277777777778101e+04,2.917357627689125543e-01,1.196283706749193820e-01,-6.957486277110081982e-03,-3.075986978369513736e+02,-1.280608341852613137e+02,7.414692488747172128e+00,6.843662989576595912e+00,9.244877730528699544e+00,-4.267253094792427537e-01,5.312563290790874911e-09
6.717013888888889051e+04,2.986849892584100274e-01,1.215221834221251740e-01,-7.147116240986491412e-03,-3.129829116397895064e+02,-1.304631098211852986e+02,7.545146148241973272e+00,5.175952221099991979e-01,1.064361144591694597e+01,-1.990899705931468977e-01,5.272678002482582656e-09
6.843750000000000000e+04,3.056559353524263001e-01,1.246319071074984408e-01,-7.358867173077181766e-03,-3.183633450333849169e+02,-1.328638096409786726e+02,7.675508672625042550e+00,-5.897076111521391439e+00,7.783711825695404762e+00,1.062309705163808210e-01,5.202156593196548139e-09
6.970486111111110949e+04,3.117492749665023988e-01,1.288195329402873623e-01,-7.554526405794138519e-03,-3.237401266499008443e+02,-1.352629854496960604e+02,7.805783155316263766e+00,-9.253994621483746741e+00,1.148119555140105330e+00,3.555556963994948028e-01,5.164845227593002082e-09
7.097222222222221899e+04,3.163924034181382350e-01,1.331599227440252720e-01,-7.695183099268908603e-03,-3.291133785852595111e+02,-1.376606865089070197e+02,7.935972532969856275e+00,-7.549727773877189740e+00,-6.026780957029433949e+00,4.127606412516838241e-01,5.221340895026868108e-09
7.223958333333332848e+04,3.199707782798931199e-01,1.366676951326592504e-01,-7.779022723603559036e-03,-3.344832168422763630e+02,-1.400569597043613896e+02,8.066079596016679787e+00,-2.132254769846436915e+00,-1.029387685497647276e+01,2.714890898757919557e-01,5.285982758392038924e-09
7.350694444444443798e+04,3.232772853013043401e-01,1.390311686253584700e-01,-7.832184123748142657e-03,-3.398497517349234158e+02,-1.424518496952849205e+02,8.196106998298445134e+00,4.225204315539246025e+00,-1.056272800502831188e+01,2.316830322443756696e-02,5.318183871587347607e-09
7.477430555555554747e+04,3.269369780422511362e-01,1.404163119220360190e-01,-7.882441611217396588e-03,-3.452130882544306019e+02,-1.448453990521956030e+02,8.326057265881704694e+00,9.336504327829754146e+00,-7.413766260853638101e+00,-2.350530159645831951e-01,5.329437194629711532e-09
7.604166666666667152e+04,3.313412989119878249e-01,1.411733919596135367e-01,-7.951477669351798144e-03,-3.505733264069265829e+02,-1.472376483870257005e+02,8.455932805183600465e+00,1.183267711925582333e+01,-2.072122489821483615e+00,-4.273355501082702901e-01,5.328378359770088760e-09
7.730902777777778101e+04,3.367068517951294915e-01,1.417437387458639897e-01,-8.055599421555844145e-03,-3.559305615271333636e+02,-1.496286364740008992e+02,8.585735910479836974e+00,1.095634045322079686e+01,3.918519163071610301e+00,-4.966431189393785139e-01,5.314130892408148755e-09
7.857638888888889051e+04,3.430675863273894288e-01,1.426678327955843151e-01,-8.205568272864879886e-03,-3.612848845688348547e+02,-1.520184003604428540e+02,8.715468770835760992e+00,6.589039108995135230e+00,8.667631037054777110e+00,-4.053386323902357091e-01,5.276313253384201185e-09
7.984375000000000000e+04,3.501381769207365102e-01,1.445633368667663676e-01,-8.400777797704732028e-03,-3.666363823725526458e+02,-1.544069754679986772e+02,8.845133476499226433e+00,-2.708412748694206673e-01,1.001468933544604667e+01,-1.555504051560644696e-01,5.206989462704244191e-09
8.111111111111110949e+04,3.571195470199256539e-01,1.478342444931320943e-01,-8.616445931428531879e-03,-3.719851379111751157e+02,-1.567943956856369994e+02,8.974732024795894603e+00,-6.827779038425594749e+00,6.546600075409269692e+00,1.660249115810022991e-01,5.164095710543050380e-09
8.237847222222221899e+04,3.630102895073262781e-01,1.520731140855074437e-01,-8.805604937065929921e-03,-3.773312305157017477e+02,-1.591806934569213752e+02,9.104266325579843055e+00,-9.578493452406167563e+00,-3.112595927292098330e-01,3.950834017754560890e-01,5.216330622758782369e-09
8.364583333333332848e+04,3.675410260128578743e-01,1.562476727577927216e-01,-8.939552330668232294e-03,-3.826747360864265488e+02,-1.615658998633829526e+02,9.233738206309050511e+00,-7.580420278093706443e+00,-6.947798745000640430e+00,4.312149881638938087e-01,5.282769102952623751e-09
8.491319444444443798e+04,3.711862737217725416e-01,1.596318957354895818e-01,-9.024536749697232782e-03,-3.880157272917911087e+02,-1.639500447012111692e+02,9.363149416772651890e+00,-2.493222306794102838e+00,-1.082321529093739265e+01,2.962721448800981761e-01,5.316854007116817487e-09
8.618055555555554747e+04,3.745651351009279817e-01,1.620026892818648978e-01,-9.081321371457558994e-03,-3.933542737513344036e+02,-1.663331565503829381e+02,9.492501633462190114e+00,3.517654647597242779e+00,-1.115701101593324474e+01,6.288080891382251403e-02,5.329106030539127694e-09
8.744791666666667152e+04,3.782033395678631171e-01,1.634303925550598113e-01,-9.132061497693256744e-03,-3.986904422037442259e+02,-1.687152628394857743e+02,9.621796463624761486e+00,8.613382809843168175e+00,-8.195147264656208463e+00,-1.914630699654687740e-01,5.328780849627364791e-09
8.871527777777778101e+04,3.825269287904390914e-01,1.641592645268035167e-01,-9.197971984492160635e-03,-4.040242966636557753e+02,-1.710963899074985193e+02,9.751035449044623604e+00,1.130384237958836557e+01,-2.791976797225844908e+00,-3.925530902198727246e-01,5.315609476141137271e-09
8.998263888888889051e+04,3.878641093126000139e-01,1.646122893055937952e-01,-9.299484678726113729e-03,-4.093558985690477243e+02,-1.734765630620060222e+02,9.880220069579440434e+00,1.044114136544997251e+01,3.572946935246610778e+00,-4.689216829595302949e-01,5.279798475067863383e-09
9.125000000000000000e+04,3.943301080445122397e-01,1.654478367283216400e-01,-9.452650600500019443e-03,-4.146853069196334332e+02,-1.758558066332674059e+02,1.000935174646537362e+01,5.622402313235578930e+00,8.596665921767552732e+00,-3.644256253109964816e-01,5.211912166449078648e-09
9.251736111111110949e+04,4.015152347986897796e-01,1.674455334043565280e-01,-9.654732767216333070e-03,-4.200125784059726470e+02,-1.782341440239111989e+02,1.013843184539996756e+01,-1.719050835873443539e+00,9.552051520738906731e+00,-8.864369976948091590e-02,5.163860980376491064e-09
9.378472222222221899e+04,4.083771111382824559e-01,1.708641411241841324e-01,-9.868733671663840190e-03,-4.253377675287729289e+02,-1.806115977548033698e+02,1.026746167941158383e+01,-7.936698777365029045e+00,5.534006003164258836e+00,2.289989672874119808e-01,5.211346765754890572e-09
9.505208333333332848e+04,4.140844528276420577e-01,1.750226672802884798e-01,-1.004969610721261064e-02,-4.306609267095211635e+02,-1.829881895089457373e+02,1.039644251154039800e+01,-1.012245641255915629e+01,-1.075222370456041521e+00,4.312336433307176198e-01,5.279406194128408244e-09
9.631944444444443798e+04,4.186027399902960688e-01,1.790395239619739787e-01,-1.018089299070249094e-02,-4.359821063957498382e+02,-1.853639401739154664e+02,1.052537555736564734e+01,-8.155401492630154792e+00,-7.191686862284516479e+00,4.595433668637585733e-01,5.315440890967321587e-09
9.758680555555554747e+04,4.223208300936676096e-01,1.823692842367130584e-01,-1.026830779420170522e-02,-4.413013551608622720e+02,-1.877388698808812819e+02,1.065426198737962338e+01,-3.395631579486804164e+00,-1.090736580664816913e+01,3.348549734897515173e-01,5.328731069491456051e-09
9.885416666666667152e+04,4.257182071631908649e-01,1.847719507768320613e-01,-1.032685093545028347e-02,-4.466187197967378779e+02,-1.901129980402564854e+02,1.078310292920408742e+01,2.479729637725369251e+00,-1.138266127252108184e+01,1.093227329748240190e-01,5.329138170218050579e-09
1.001215277777777810e+05,4.292847289602891858e-01,1.862114238558409962e-01,-1.037539647933044019e-02,-4.519342453996792415e+02,-1.924863433753858715e+02,1.091189946966525781e+01,7.757264507890610616e+00,-8.491230504972262949e+00,-1.510337402009760133e-01,5.317000249072138085e-09
1.013888888888888905e+05,4.335243051969130956e-01,1.868511386838882515e-01,-1.043685261442862597e-02,-4.572479754511809915e+02,-1.948589239548889225e+02,1.104065265674617891e+01,1.067439494917290510e+01,-2.804724808478996412e+00,-3.660829597581372608e-01,5.283131545021907766e-09
1.026562500000000000e+05,4.388982598925863510e-01,1.871582751524938359e-01,-1.053772128551259263e-02,-4.625599518945462023e+02,-1.972307572235429518e+02,1.116936350142922230e+01,9.617506477795828346e+00,4.042675121463092935e+00,-4.431220205583526472e-01,5.216887672335646126e-09
1.039236111111111095e+05,4.455222809109215532e-01,1.879904974040905730e-01,-1.069754268721898743e-02,-4.678702152076970151e+02,-1.996018600312704336e+02,1.129803297943509932e+01,4.182047319535421082e+00,9.050836167369704199e+00,-3.138007528451802197e-01,5.164141307560734701e-09
1.051909722222222190e+05,4.527105103553371590e-01,1.901641015890705999e-01,-1.090322315345174445e-02,-4.731788044717088724e+02,-2.019722486597823661e+02,1.142666203285803128e+01,-3.232656920258229594e+00,9.364332419641968386e+00,-2.392517193400728326e-02,5.206419001739001643e-09
1.064583333333333285e+05,4.593825851024720963e-01,1.936180405801293247e-01,-1.111068417456729379e-02,-4.784857574342660200e+02,-2.043419388472986498e+02,1.155525157169695483e+01,-8.847268904779099330e+00,5.196765004662932341e+00,2.723109330351475288e-01,5.275890161257267336e-09
1.077256944444444380e+05,4.649897104552418448e-01,1.976430108448232748e-01,-1.128572321352143935e-02,-4.837911105691548528e+02,-2.067109458127113157e+02,1.168380247529990967e+01,-1.074193162947642577e+01,-9.706051432636352283e-01,4.552609512360065724e-01,5.313938280549306806e-09
1.089930555555555475e+05,4.695409268532091396e-01,2.015574271093101277e-01,-1.141683062736321974e-02,-4.890948991335315554e+02,-2.090792842789585961e+02,1.181231559373725482e+01,-8.948151640621894387e+00,-6.753479807616667330e+00,4.846602358373461872e-01,5.328309178379289563e-09
1.102604166666666715e+05,4.733008680757114783e-01,2.048879350260868204e-01,-1.150629928045250258e-02,-4.943971572224511419e+02,-2.114469684946136852e+02,1.194079174910000596e+01,-4.391528776322425998e+00,-1.049597361428129361e+01,3.685266951037484695e-01,5.329449763032696624e-09
1.115277777777777810e+05,4.766558423005010647e-01,2.073301951203810889e-01,-1.156420967303465469e-02,-4.996979178198906766e+02,-2.138140122538134733e+02,1.206923173672174876e+01,1.576704987415053605e+00,-1.113343254123387993e+01,1.421202054433748085e-01,5.318305693167243176e-09
1.127951388888888905e+05,4.801097421836398871e-01,2.087375782416128756e-01,-1.160807024775832239e-02,-5.049972128464306138e+02,-2.161804289151388900e+02,1.219763632633045880e+01,7.193992619035418201e+00,-8.152889487275501779e+00,-1.333156338851069489e-01,5.286312567878679799e-09
1.140625000000000000e+05,4.842968267125270510e-01,2.092295442877034617e-01,-1.166521355522368367e-02,-5.102950732042538107e+02,-2.185462314198618117e+02,1.232600626313896441e+01,1.024174006423437433e+01,-1.972183126364052574e+00,-3.621714931919003400e-01,5.221882669865860946e-09
1.153298611111111095e+05,4.897974831918898708e-01,2.094269689557108904e-01,-1.176955869236185129e-02,-5.155915288201639441e+02,-2.209114323096049191e+02,1.245434226888177598e+01,8.689798196083918569e+00,5.236847165413625049e+00,-4.257976092062117912e-01,5.164931889180060746e-09
1.165972222222222190e+05,4.965368535606079492e-01,2.103840915384309618e-01,-1.193648259060134734e-02,-5.208866086869451237e+02,-2.232760437430356149e+02,1.258264504280172602e+01,2.800124348831585674e+00,9.786414338622256182e+00,-2.704063728803717814e-01,5.201580632609222807e-09
1.178645833333333285e+05,5.035999452874668769e-01,2.126917222431656818e-01,-1.213984232219115188e-02,-5.261803409024494158e+02,-2.256400775111190171e+02,1.271091526258230431e+01,-4.226458170557073402e+00,9.609848405483631950e+00,1.254954570327368110e-02,5.272218894036617852e-09
1.191319444444444380e+05,5.101136254986915475e-01,2.160878186168342374e-01,-1.234031043399057281e-02,-5.314727527058211081e+02,-2.280035450514566264e+02,1.283915358522511241e+01,-9.335557920384607300e+00,5.623836579025121019e+00,2.854968424580652808e-01,5.312340352187508896e-09
1.203993055555555475e+05,5.156897214590396850e-01,2.199976761698126948e-01,-1.251242361550355432e-02,-5.367638705118893085e+02,-2.303664574624854708e+02,1.296736064788473541e+01,-1.116922213940949149e+01,-1.612140105863346662e-01,4.593603473945707116e-01,5.327837575606659773e-09
1.216666666666666570e+05,5.202802852984744764e-01,2.238749013677409083e-01,-1.264475761375648440e-02,-5.420537199444454473e+02,-2.327288255171856122e+02,1.309553706866681644e+01,-9.559639111195355810e+00,-5.833931689884554572e+00,4.941748905589813945e-01,5.329715368265972523e-09
1.229340277777777810e+05,5.240356973804128904e-01,2.272504227128278043e-01,-1.273513107767641067e-02,-5.473423258680844583e+02,-2.350906596758505032e+02,1.322368344738708501e+01,-5.032770367035784176e+00,-9.753425546306296212e+00,3.823078985052491552e-01,5.319528504318747274e-09
1.242013888888888905e+05,5.272878203154086618e-01,2.297235682595568651e-01,-1.278977946278742582e-02,-5.526297124182375455e+02,-2.374519700979430468e+02,1.335180036629038725e+01,1.250578250255246715e+00,-1.051807370392783980e+01,1.455696332494733070e-01,5.289342803407049741e-09
1.254687500000000000e+05,5.306168585818977768e-01,2.310363304409905894e-01,-1.282731025858346863e-02,-5.579159030293570822e+02,-2.398127666533237914e+02,1.347988839073178724e+01,7.260875473124543511e+00,-7.225308595038724135e+00,-1.509510546868620962e-01,5.226866913520435866e-09
1.267361111111111095e+05,5.348406681777521099e-01,2.313560679264683451e-01,-1.288320019216620399e-02,-5.632009204615679892e+02,-2.421730589331776855e+02,1.360794806982436889e+01,1.013726053712639974e+01,-4.605344655249536956e-01,-3.831550894511698280e-01,5.166222065980095670e-09
1.280034722222222190e+05,5.405122961224153588e-01,2.315709330312279990e-01,-1.299493421012831891e-02,-5.684847868263620967e+02,-2.445328562607475931e+02,1.373597993705938336e+01,7.945197087931622271e+00,6.669439948127469542e+00,-4.199184033882865652e-01,5.196867594091706267e-09
1.292708333333333285e+05,5.472378508809685460e-01,2.327025893493271935e-01,-1.316461983706748717e-02,-5.737675236115653661e+02,-2.468921677014758700e+02,1.386398451090023087e+01,2.062626327064647658e+00,1.059077010656913131e+01,-2.538704099588753871e-01,5.268391691281132910e-09
1.305381944444444380e+05,5.541404574212349665e-01,2.350512180376099769e-01,-1.336257106850542026e-02,-5.790491517048852756e+02,-2.492510020722224340e+02,1.399196229534506664e+01,-4.442991097097862330e+00,1.025342369233282191e+01,1.114278704622239345e-02,5.310641242461085163e-09
1.318055555555555620e+05,5.605614857478461444e-01,2.383627966410615251e-01,-1.355814068719864846e-02,-5.843296914158479467e+02,-2.516093679500925191e+02,1.411991378045946810e+01,-9.267638020458955239e+00,6.546023661129833471e+00,2.679127182067144730e-01,5.327313383834772555e-09
1.330729166666666570e+05,5.661495188792211586e-01,2.422078911329289541e-01,-1.372985863161335987e-02,-5.896091624968134965e+02,-2.539672736811961613e+02,1.424783944288638793e+01,-1.118195899845589381e+01,9.707982829270928038e-01,4.413335080276485356e-01,5.329934622914396273e-09
1.343402777777777810e+05,5.707666400225048786e-01,2.461127057513931016e-01,-1.386398286297126428e-02,-5.948875841633581558e+02,-2.563247273891222449e+02,1.437573974633564333e+01,-9.703444010116760055e+00,-4.814843416704040813e+00,4.833326706805735062e-01,5.320671233816663345e-09
1.356076388888888760e+05,5.744625438593542466e-01,2.495638001988558230e-01,-1.395355074939315029e-02,-6.001649751138967304e+02,-2.586817369829063296e+02,1.450361514205202162e+01,-5.005867248597912322e+00,-9.014812834319393176e+00,3.695527614415724527e-01,5.292224229055081989e-09
1.368750000000000000e+05,5.775633564885210847e-01,2.520281214204828091e-01,-1.400226425394914334e-02,-6.054413535483198530e+02,-2.610383101644429757e+02,1.463146606926106408e+01,1.770012473779324580e+00,-9.764414798945201923e+00,1.129421264189036100e-01,5.231813079895113932e-09
1.381423611111110949e+05,5.808199558194040435e-01,2.531754657909093265e-01,-1.403426916196447161e-02,-6.107167371855147167e+02,-2.633944544354873187e+02,1.475929295559275722e+01,7.997613173657554420e+00,-5.908541086684522270e+00,-2.020364470071645269e-01,5.167995273855034880e-09
1.394097222222222190e+05,5.851913452888624079e-01,2.533954882323059543e-01,-1.409453306829953206e-02,-6.159911432799450495e+02,-2.657501771045370447e+02,1.488709621748596668e+01,1.032230875361681655e+01,1.189783346748122028e+00,-4.180834966729475854e-01,5.192317790685965986e-09
1.406770833333333430e+05,5.909619637407530490e-01,2.537497626671545436e-01,-1.421286628993025797e-02,-6.212645886378192017e+02,-2.681054852936887301e+02,1.501487626057832969e+01,7.749161663519854137e+00,7.817097409334259339e+00,-4.309211001760393511e-01,5.264409292232929357e-09
1.419444444444444380e+05,5.975849657950412785e-01,2.550052283176191814e-01,-1.438085095510887104e-02,-6.265370896328840900e+02,-2.704603859450472214e+02,1.514263348008107712e+01,2.191142881520348862e+00,1.129059914944645726e+01,-2.699970802733430153e-01,5.308834962481719607e-09
1.432118055555555620e+05,6.043620830410625366e-01,2.573337159424717857e-01,-1.457367735121785357e-02,-6.318086622212734937e+02,-2.728148858265836907e+02,1.527036826113480927e+01,-3.909086083928854372e+00,1.100923110466952792e+01,-2.209941872547250760e-02,5.326733544849254442e-09
1.444791666666666570e+05,6.107542123125779820e-01,2.605768666780148290e-01,-1.476712316537913405e-02,-6.370793219554564075e+02,-2.751689915378153160e+02,1.539808097914840523e+01,-8.665639985754904018e+00,7.526969434973118211e+00,2.280387144437238944e-01,5.330106991174856146e-09
1.457465277777777810e+05,6.163809171459194713e-01,2.644185490111861103e-01,-1.494053602463207668e-02,-6.423490839976519737e+02,-2.775227095154306767e+02,1.552577200012472147e+01,-1.074766584741780484e+01,1.949693241864520976e+00,4.081721643858835513e-01,5.321736220035235809e-09
1.470138888888888760e+05,6.209974786106431388e-01,2.684095453335909598e-01,-1.507634965529475526e-02,-6.476179631328705000e+02,-2.798760460387653097e+02,1.565344168097437283e+01,-9.299064578338594345e+00,-4.151171288481991795e+00,4.568512705678559049e-01,5.294959356545777852e-09
1.482812500000000000e+05,6.245710542429170342e-01,2.719358822288776567e-01,-1.516256466740603139e-02,-6.528859737815527069e+02,-2.822290072349933325e+02,1.578109036981734192e+01,-4.204902004506283042e+00,-8.627867250772796481e+00,3.320998817928806912e-01,5.236696763318548489e-09
1.495486111111110949e+05,6.275172050517521249e-01,2.743071444980104134e-01,-1.520370373237910078e-02,-6.581531300116470220e+02,-2.845815990839499250e+02,1.590871840627143285e+01,3.081197579558486943e+00,-9.065237725700338700e+00,4.973759140587355465e-02,5.170229383533017406e-09
1.508159722222222190e+05,6.308302358621821204e-01,2.752785348887424322e-01,-1.523509198856775465e-02,-6.634194455499467722e+02,-2.869338274226689123e+02,1.603632612172689775e+01,9.081108736319533747e+00,-4.606939531438858815e+00,-2.666660691778454662e-01,5.187970536980572131e-09
1.520833333333333430e+05,6.353680200978031323e-01,2.755415161117916734e-01,-1.530292616763589270e-02,-6.686849337928431396e+02,-2.892856979499214276e+02,1.616391383960961647e+01,1.079395472860197458e+01,2.328245124755066175e+00,-4.555116916254721704e-01,5.260274088425882216e-09
1.533506944444444380e+05,6.411331174056422721e-01,2.760523162275863029e-01,-1.542395920867224365e-02,-6.739496078169538578e+02,-2.916372162307573035e+02,1.629148187563651007e+01,8.210825346861213347e+00,8.395359629825557946e+00,-4.581969824281702519e-01,5.306915463430826874e-09
1.546180555555555620e+05,6.476424287572926097e-01,2.773618552887416877e-01,-1.558854971986722154e-02,-6.792134803894816741e+02,-2.939883877007025035e+02,1.641903053806130686e+01,3.021688822824307508e+00,1.166725226155914363e+01,-3.084494615326409117e-01,5.326094878803020006e-09
1.558854166666666570e+05,6.543542015663317279e-01,2.796460247215367678e-01,-1.577819044995058123e-02,-6.844765639779656112e+02,-2.963392176696456204e+02,1.654656012790869468e+01,-2.878311980305256590e+00,1.152865609285402115e+01,-7.101023043817301927e-02,5.330231843419439784e-09
1.571527777777777810e+05,6.607744199286891273e-01,2.828559040328104679e-01,-1.597236001790143523e-02,-6.897388707595046071e+02,-2.986897113256168836e+02,1.667407093919837280e+01,-7.761022549486315647e+00,8.150716912495783006e+00,1.823340184846979073e-01,5.322725664085076107e-09
1.584201388888888760e+05,6.664518988683238998e-01,2.867586714934604597e-01,-1.614903999009349375e-02,-6.950004126296369122e+02,-3.010398737385294794e+02,1.680156325916093962e+01,-1.004811590468662352e+01,2.347883840032297442e+00,3.745597854941695171e-01,5.297551180681097266e-09
1.596875000000000000e+05,6.710177308888864989e-01,2.908748329528033638e-01,-1.628519237537981793e-02,-7.002612012109944999e+02,-3.033897098638514649e+02,1.692903736844659690e+01,-8.449080297481145863e+00,-4.202511183043338150e+00,4.250770852509571651e-01,5.241496491494811343e-09
1.609548611111110949e+05,6.744151227889080280e-01,2.944153571119034751e-01,-1.636481587595912598e-02,-7.055212478617555689e+02,-3.057392245461130074e+02,1.705649354132673423e+01,-2.765209861063761210e+00,-8.740346687376643331e+00,2.779109652491209004e-01,5.172897245273042212e-09
1.622222222222222190e+05,6.772988085609616959e-01,2.966080744763799348e-01,-1.640053226492717287e-02,-7.107805636837553038e+02,-3.080884225221412862e+02,1.718393204588729972e+01,4.713211734883356208e+00,-8.564485732902436865e+00,-2.278732698626407399e-02,5.183865981033927054e-09
1.634895833333333430e+05,6.807717610802177521e-01,2.975052139030572862e-01,-1.643716563602987124e-02,-7.160391595300579866e+02,-3.104373084241060496e+02,1.731135314421293714e+01,1.012791845064714380e+01,-3.857614275038165008e+00,-3.202197940784281549e-01,5.255990433738627049e-09
1.647569444444444380e+05,6.854022005934830020e-01,2.978926667903183390e-01,-1.651102458384902036e-02,-7.212970460122048735e+02,-3.127858867826344635e+02,1.743875709256452566e+01,1.149125815409166051e+01,2.631161195204251513e+00,-4.873764318069876977e-01,5.304876776529728467e-09
1.660243055555555620e+05,6.911083289001939134e-01,2.985122439204679345e-01,-1.663176963659378574e-02,-7.265542335074374023e+02,-3.151341620298969133e+02,1.756614414155212245e+01,9.089403261525337285e+00,8.306931976273340013e+00,-4.904646458836757761e-01,5.325394194137941032e-09
1.672916666666666570e+05,6.975371680167766764e-01,2.998213231587142369e-01,-1.679331132593789647e-02,-7.318107321657062130e+02,-3.174821385024570191e+02,1.769351453630153870e+01,4.157137676978808649e+00,1.156976199687488815e+01,-3.507867848233475749e-01,5.330308583984270779e-09
1.685590277777777810e+05,7.042499455059312297e-01,3.020571855011779938e-01,-1.698231161846510198e-02,-7.370665519163059116e+02,-3.198298204439378196e+02,1.782086851661371796e+01,-1.770638408232102057e+00,1.158963431101281927e+01,-1.150013380645373978e-01,5.323641764539164380e-09
1.698263888888888760e+05,7.107456829414593447e-01,3.052797430004519086e-01,-1.717986713422308201e-02,-7.423217024741735486e+02,-3.221772120076085457e+02,1.794820631711770531e+01,-6.941423150883294646e+00,8.156984826293562918e+00,1.507651194678173712e-01,5.300003205002840132e-09
1.710937500000000000e+05,7.164575607009540104e-01,3.093056805386350527e-01,-1.736021758615891378e-02,-7.475761933459480133e+02,-3.245243172589491110e+02,1.807552816741828394e+01,-9.372396740392993308e+00,1.913080550728948559e+00,3.563999272032940535e-01,5.246193742908397814e-09
1.723611111111110949e+05,7.208943502564690853e-01,3.135339443186452302e-01,-1.749333804112342822e-02,-7.528300338358977797e+02,-3.268711401781937411e+02,1.820283429223921701e+01,-7.345164761227428230e+00,-5.039522817741427296e+00,3.968723099182986380e-01,5.175967359654544241e-09
1.736284722222222190e+05,7.241341015526394642e-01,3.169679316435229932e-01,-1.756498147588234082e-02,-7.580832330517613400e+02,-3.292176846627715463e+02,1.833012491156226886e+01,-1.132722801092348242e+00,-9.214602806714303540e+00,2.223441129597453492e-01,5.180044422187998263e-09
1.748958333333333430e+05,7.270998715000490664e-01,3.189983610799420610e-01,-1.760128944135223861e-02,-7.633357999103486691e+02,-3.315639545295268249e+02,1.845740024076063079e+01,6.036019506602437801e+00,-8.480823222776987080e+00,-7.573979264562495650e-02,5.251564980259867335e-09
1.761631944444444380e+05,7.307249764982743923e-01,3.199346617504790213e-01,-1.764480997545002719e-02,-7.685877431427442161e+02,-3.339099535168390389e+02,1.858466049072612591e+01,1.089626325597827616e+01,-3.920583594418806328e+00,-3.485430947296624393e-01,5.302713182747630417e-09
1.774305555555555620e+05,7.353746373195523267e-01,3.204430726172977639e-01,-1.772168572533366210e-02,-7.738390712993597162e+02,-3.362556852868192436e+02,1.871190586799263400e+01,1.217046058125618835e+01,2.135562100620037373e+00,-5.046170579879857288e-01,5.324628404330244549e-09
1.786979166666666570e+05,7.410152378821114327e-01,3.211086180439584048e-01,-1.784076542672113214e-02,-7.790897927549663109e+02,-3.386011534274580299e+02,1.883913657485650006e+01,9.976231652160173269e+00,7.641155899688940600e+00,-5.130086528355748410e-01,5.330336773027526438e-09
1.799652777777777810e+05,7.474147458611369865e-01,3.223758956620885741e-01,-1.800055255381408786e-02,-7.843399157135781934e+02,-3.409463614546253893e+02,1.896635280949276492e+01,5.125274645924376316e+00,1.104096544293918392e+01,-3.789535283923036180e-01,5.324486846864304619e-09
1.812326388888888760e+05,7.541937495954257331e-01,3.245734515104627960e-01,-1.819166181008394570e-02,-7.895894482131021732e+02,-3.432913128139487071e+02,1.909355476606676660e+01,-1.055166110602193452e+00,1.118571746306722758e+01,-1.352829783081231363e-01,5.302319488394910150e-09
1.825000000000000000e+05,7.607893311917541812e-01,3.278684656971075917e-01,-1.839459165358398388e-02,-7.948383981297563423e+02,-3.456360108826279998e+02,1.922074263484146783e+01,-6.595924866001872999e+00,7.490611583994991385e+00,1.497841440644352429e-01,5.250772958705681965e-09
1.837673611111110949e+05,7.664676626267822312e-01,3.320557724773689490e-01,-1.857655190354374000e-02,-8.000867731823152553e+02,-3.479804589712410916e+02,1.934791660228117038e+01,-8.929976772795894746e+00,6.733478286707585969e-01,3.615440964483805364e-01,5.179404660676572735e-09
1.850347222222222190e+05,7.707161950678678153e-01,3.362931502527246597e-01,-1.870246921300615026e-02,-8.053345809362853061e+02,-3.503246603255590230e+02,1.947507685115254361e+01,-6.264352802713620605e+00,-6.319893029993271405e+00,3.773064200308204885e-01,5.176545494254552036e-09
1.863020833333333430e+05,7.739217849455417575e-01,3.395440276556223047e-01,-1.876969572473622186e-02,-8.105818288080572529e+02,-3.526686181282807979e+02,1.960222356062309501e+01,4.771183441161785943e-02,-9.863076758390526777e+00,1.878080641161949671e-01,5.247006972339051711e-09
1.875694444444444380e+05,7.770353285429993928e-01,3.415089156108741530e-01,-1.881087603130993449e-02,-8.158285240688575186e+02,-3.550123355005910639e+02,1.972935690635546635e+01,6.679917279550722675e+00,-8.908552133014740804e+00,-9.275771962500832524e-02,5.300419369375130880e-09
1.888368055555555620e+05,7.807511811340492880e-01,3.425289178829198367e-01,-1.885959554078228684e-02,-8.210746738484291427e+02,-3.573558155036868129e+02,1.985647706059772588e+01,1.120336764855550094e+01,-4.649521804158255556e+00,-3.469066075692371354e-01,5.323794619891532407e-09
1.901041666666666570e+05,7.853766845711940281e-01,3.431127608927586614e-01,-1.893694963569335019e-02,-8.263202851386420207e+02,-3.596990611403518869e+02,1.998358419227133709e+01,1.254297574537352666e+01,1.134451650882489560e+00,-5.008455425382201120e-01,5.330316212999178360e-09
1.913715277777777810e+05,7.909687798560169902e-01,3.437614731047458072e-01,-1.905392994769944393e-02,-8.315653647970788143e+02,-3.620420753564917504e+02,2.011067846705704909e+01,1.049957952421035756e+01,6.690733637243424070e+00,-5.161253222162337506e-01,5.325263448850779918e-09
1.926388888888888760e+05,7.973975566997508757e-01,3.449572725311849108e-01,-1.921376107416985363e-02,-8.368099195505261605e+02,-3.643848610425748120e+02,2.023776004747805146e+01,5.527639793949182589e+00,1.033249009569043331e+01,-3.814665461983269279e-01,5.304504659674977691e-09
1.939062500000000000e+05,8.042980244146127333e-01,3.471498391359237878e-01,-1.940974129104291665e-02,-8.420539559983155868e+02,-3.667274210349858095e+02,2.036482909298006660e+01,-1.096049837271258376e+00,1.048670792342716496e+01,-1.203130046647915008e-01,5.255221514585444996e-09
1.951736111111110949e+05,8.109644615217528330e-01,3.505882875839583246e-01,-1.961811013553152461e-02,-8.472974806154961698e+02,-3.690697581173261028e+02,2.049188576000842943e+01,-6.902787997632139572e+00,6.281970017432689346e+00,1.842184585058744550e-01,5.183171400181825085e-09
1.964409722222222190e+05,8.165013711789447237e-01,3.548946891552768879e-01,-1.979663220133266385e-02,-8.525404997558749756e+02,-3.714118750217173783e+02,2.061893020208265881e+01,-8.760021747762507971e+00,-9.596844834761653065e-01,3.843839286604358030e-01,5.173407250387814714e-09
1.977083333333333430e+05,8.206107963142383888e-01,3.590049962708656839e-01,-1.991491536279855340e-02,-8.577830196550385153e+02,-3.737537744301324096e+02,2.074596256986948717e+01,-5.625448552852809314e+00,-7.516108660298698396e+00,3.738684042147325526e-01,5.242328454941283695e-09
1.989756944444444380e+05,8.238963417910427633e-01,3.621091442917356851e-01,-1.998288590982628607e-02,-8.630250464333716991e+02,-3.760954589756435666e+02,2.087298301125410305e+01,3.894857560302837918e-01,-1.055361183888129162e+01,1.873944817958590747e-01,5.297990538148331538e-09
2.002430555555555620e+05,8.271364838011745491e-01,3.640838901147687157e-01,-2.002939262619779504e-02,-8.682665860988995519e+02,-3.784369312435478037e+02,2.099999167140833833e+01,6.561618708481329776e+00,-9.641069481729241275e+00,-7.412257930587910770e-02,5.322890189150115584e-09
2.015104166666666570e+05,8.308807178934882742e-01,3.651781270990792638e-01,-2.008064765046149724e-02,-8.735076445499619240e+02,-3.807781937724897148e+02,2.112698869285623715e+01,1.096878317546423887e+01,-5.649125361331951645e+00,-3.189907426127615020e-01,5.330246980882320536e-09
2.027777777777777810e+05,8.354589241607031092e-01,3.657771436395211850e-01,-2.015649425835750949e-02,-8.787482275778429539e+02,-3.831192490556085772e+02,2.125397421553812194e+01,1.245704707855136739e+01,7.445400455897077663e-02,-4.777968408582113913e-01,5.325974345219245238e-09
2.040451388888888760e+05,8.410325282267656632e-01,3.663510014094477629e-01,-2.027154491906518058e-02,-8.839883408693793854e+02,-3.854600995416614069e+02,2.138094837687317096e+01,1.046174747930552584e+01,5.885357092157121883e+00,-4.994255489892497346e-01,5.306563871546719797e-09
2.053125000000000000e+05,8.475545076333358407e-01,3.674689638395516322e-01,-2.043384020101714216e-02,-8.892279900095129506e+02,-3.878007476360855321e+02,2.150791131182023719e+01,5.147391988831582665e+00,9.792255206583835303e+00,-3.557506572767499264e-01,5.259529610302102131e-09
2.065798611111110949e+05,8.545971469960960132e-01,3.697289261891083534e-01,-2.063676197452166822e-02,-8.944671804837447553e+02,-3.901411957019924444e+02,2.163486315293654627e+01,-1.989812649180123572e+00,9.703662697019856509e+00,-6.992344516955376066e-02,5.187228081922780313e-09
2.078472222222222190e+05,8.612262372784490472e-01,3.733443417915602858e-01,-2.084683158284695442e-02,-8.997059176804555136e+02,-3.924814460611159461e+02,2.176180403043418110e+01,-7.681897842818891320e+00,4.872907591326792520e+00,2.409441796225664789e-01,5.170665221006615214e-09
2.091145833333333430e+05,8.665757000362486195e-01,3.776333104511564454e-01,-2.101769171734501826e-02,-9.049442068931284666e+02,-3.948215009947797398e+02,2.188873407223482204e+01,-8.899222502390523815e+00,-2.314651821985046709e+00,4.146895879803066398e-01,5.237544386399083446e-09
2.103819444444444380e+05,8.706605806004688031e-01,3.815735847523951119e-01,-2.113214034892340124e-02,-9.101820533225925374e+02,-3.971613627448903685e+02,2.201565340402367354e+01,-5.694399232484691709e+00,-8.283090975623188967e+00,3.911380532956859613e-01,5.295422447438350948e-09
2.116493055555555620e+05,8.740569500470465325e-01,3.846055208150838123e-01,-2.120336824403101783e-02,-9.154194620792491150e+02,-3.995010335148482454e+02,2.214256214930196975e+01,-8.256147339793296069e-02,-1.107471586889855608e+01,2.164316979710788347e-01,5.321912672214093234e-09
2.129166666666666570e+05,8.773680664465994816e-01,3.866209783260141641e-01,-2.125351089506399838e-02,-9.206564381851618464e+02,-4.018405154703838207e+02,2.226946042943729509e+01,5.826054389097429898e+00,-1.031123433744913243e+01,-3.199786042060299984e-02,5.330129396094635785e-09
2.141840277777777810e+05,8.810865486708440164e-01,3.877547493206523477e-01,-2.130452901025973317e-02,-9.258929865760418352e+02,-4.041798107403941458e+02,2.239634836371219606e+01,1.030823794765179002e+01,-6.464154419252007955e+00,-2.773304086788952461e-01,5.326622507527054813e-09
2.154513888888888760e+05,8.856077141184954815e-01,3.883046388221707002e-01,-2.137734787614685439e-02,-9.311291121031949842e+02,-4.065189214177931376e+02,2.252322606937167393e+01,1.198114816704914887e+01,-5.752189515384726892e-01,-4.463677287876523514e-01,5.308502690861442651e-09
2.167187500000000000e+05,8.912099201670564685e-01,3.887604431485376377e-01,-2.149157926758063150e-02,-9.363648195354542167e+02,-4.088578495603505303e+02,2.265009366166968618e+01,9.871080831146098689e+00,5.642225603208521179e+00,-4.705063827787826503e-01,5.263690060063098481e-09
2.179861111111110949e+05,8.978848199625861781e-01,3.898438606200593792e-01,-2.165945807172442450e-02,-9.416001135610850952e+02,-4.111965971914909801e+02,2.277695125391446851e+01,4.007249674335183087e+00,9.663617771728972627e+00,-3.069479693586906199e-01,5.191534365746952020e-09
2.192534722222222190e+05,9.050071338189800141e-01,3.922626973417118190e-01,-2.186841409566023242e-02,-9.468349987896211815e+02,-4.135351663010335983e+02,2.290379895751235750e+01,-3.423043077753976426e+00,9.012992237213232727e+00,3.354287508449613209e-04,5.168351506832713595e-09
2.205208333333333430e+05,9.114783892383510056e-01,3.959773930434515865e-01,-2.207402269294038780e-02,-9.520694797535863927e+02,-4.158735588458965822e+02,2.303063688200989745e+01,-8.577222739091713066e+00,3.828741060698575893e+00,2.959418769585977493e-01,5.232672671772889577e-09
2.217881944444444380e+05,9.167048746068034992e-01,4.001421092071673069e-01,-2.223791610759135590e-02,-9.573035609101572163e+02,-4.182117767508347583e+02,2.315746513513481020e+01,-9.378415662343734027e+00,-2.930307073977772347e+00,4.456570161821420406e-01,5.292711392914053699e-09
2.230555555555555620e+05,9.208374698936229175e-01,4.039529115115014779e-01,-2.235210218554651435e-02,-9.625372466428588041e+02,-4.205498219091856527e+02,2.328428382283652809e+01,-6.354399452504251755e+00,-8.451908387834539127e+00,4.215231900529023412e-01,5.320859747715855810e-09
2.243229166666666570e+05,9.243190525703124383e-01,4.069715529508806107e-01,-2.242658255916223087e-02,-9.677705412632295747e+02,-4.228876961835496218e+02,2.341109304932553314e+01,-1.054386530917027054e+00,-1.120302764119862182e+01,2.585266960391184310e-01,5.329963925299978783e-09
2.255902777777777810e+05,9.276369598334591737e-01,4.090318388570721719e-01,-2.247786641901571708e-02,-9.730034490123927071e+02,-4.252254014064237140e+02,2.353789291711123255e+01,4.816886168829401349e+00,-1.060229421846586995e+01,1.441788465764945806e-02,5.327211005043602842e-09
2.268576388888888760e+05,9.312840323196814873e-01,4.101589912345651179e-01,-2.252601531794088882e-02,-9.782359740625537370e+02,-4.275629393808324039e+02,2.366468352703858713e+01,9.535429934950238717e+00,-6.737931028580701920e+00,-2.406263925570607531e-01,5.310326936801082695e-09
2.281250000000000000e+05,9.357597869307805460e-01,4.105972389077274798e-01,-2.259517030903682513e-02,-9.834681205184648434e+02,-4.299003118809677062e+02,2.379146497832392271e+01,1.135390163026687738e+01,-4.642674184012742788e-01,-4.221588051109744222e-01,5.267697998331408891e-09
2.293923611111110949e+05,9.414627140159829155e-01,4.109322483259540970e-01,-2.271139571330581253e-02,-9.886998924188819728e+02,-4.322375206528286071e+02,2.391823736859006644e+01,8.878358228010533537e+00,6.169986420960323237e+00,-4.390042461618907099e-01,5.196049877840403830e-09
2.306597222222222190e+05,9.482980015466169199e-01,4.120890066131281948e-01,-2.288702380132904765e-02,-9.939312937380137782e+02,-4.345745674148310513e+02,2.404500079390071932e+01,2.440474346735308941e+00,9.929144747186381181e+00,-2.480236005156964962e-01,5.166493941866310734e-09
2.319270833333333430e+05,9.553579880733151786e-01,4.146809675492040270e-01,-2.309659836305306274e-02,-9.991623283869138277e+02,-4.369114538583636431e+02,2.417175534879368115e+01,-4.784652299205142789e+00,8.667294505274385941e+00,6.173461216058000883e-02,5.227734138518548822e-09
2.331944444444444380e+05,9.616552308715221598e-01,4.183689024681132018e-01,-2.329489712864125928e-02,-1.004393000214776521e+03,-4.392481816483238504e+02,2.429850112631270775e+01,-9.342841838791814624e+00,3.571094860915339453e+00,3.320783511706223434e-01,5.289854148863179594e-09
2.344618055555555620e+05,9.668427359218352279e-01,4.223961139362482076e-01,-2.345492767499003650e-02,-1.009623313010209131e+03,-4.415847524236893946e+02,2.442523821803876771e+01,-1.002026408093717436e+01,-2.712450308300757396e+00,4.685852897778731707e-01,5.319729067254603249e-09
2.357291666666666570e+05,9.710386517362084025e-01,4.261403531348215701e-01,-2.357055844749986195e-02,-1.014853270502526811e+03,-4.439211677980837294e+02,2.455196671412089415e+01,-7.230201116244162840e+00,-8.006651040295661659e+00,4.498063753607519089e-01,5.329751037216800908e-09
2.369965277777777810e+05,9.745559771959315665e-01,4.291870411357645576e-01,-2.364703212405904267e-02,-1.020082876363018499e+03,-4.462574293602958733e+02,2.467868670330620517e+01,-2.067540047171084971e+00,-1.086126615891120828e+01,2.940806891569934800e-01,5.327742860967531212e-09
2.382638888888888760e+05,9.778164961586666148e-01,4.312817035402267685e-01,-2.369671064180544143e-02,-1.025312134206150176e+03,-4.485935386747676716e+02,2.480539827296883360e+01,3.992291811045799665e+00,-1.038611518853171489e+01,4.465115177362599663e-02,5.312042485334031658e-09
2.395312500000000000e+05,9.813639230495665444e-01,4.323454776770772057e-01,-2.373986862372835099e-02,-1.030541047590710605e+03,-4.509294972820748626e+02,2.493210150913797207e+01,9.047342426865904841e+00,-6.305323983366535323e+00,-2.275599964371831929e-01,5.271550531088125638e-09
2.407986111111110949e+05,9.858480861126304173e-01,4.326263635267160179e-01,-2.380669744862970449e-02,-1.035769620020927732e+03,-4.532653066994168967e+02,2.505879649652527164e+01,1.082446352240973830e+01,5.135853948302515626e-01,-4.169407712864591220e-01,5.200734898959810040e-09
2.420659722222222190e+05,9.917224874924959188e-01,4.329185509046602487e-01,-2.392908287337168483e-02,-1.040997854947587030e+03,-4.556009684211128388e+02,2.518548331855180322e+01,7.737273701021909922e+00,7.292467674586000648e+00,-4.119520913296114140e-01,5.165115350864891582e-09
2.433333333333333139e+05,9.986163201640623210e-01,4.342475824018592334e-01,-2.411011947175905126e-02,-1.046225755769151192e+03,-4.579364839190718612e+02,2.531216205737453961e+01,1.082901972105298594e+00,1.044388386060491136e+01,-2.017691223338860251e-01,5.222752467345311914e-09
2.446006944444444380e+05,1.005521171261164692e+00,4.369225010662951547e-01,-2.431503876268763242e-02,-1.051453325832825158e+03,-4.602718546432149651e+02,2.543883279391183905e+01,-5.611117953059974184e+00,8.886777306118382569e+00,9.198446632575453530e-02,5.286847899263140015e-09
2.458680555555555620e+05,1.011703544245065478e+00,4.405195326910955611e-01,-2.450725711427088893e-02,-1.056680568435551550e+03,-4.626070820218939730e+02,2.556549560786796249e+01,-9.778935559817337975e+00,4.103554596803997256e+00,3.413354421052852139e-01,5.318518083828266405e-09
2.471354166666666570e+05,1.016903123382149499e+00,4.444499470536482644e-01,-2.466615811302138098e-02,-1.061907486824996340e+03,-4.649421674623355898e+02,2.569215057775724631e+01,-1.050993121527632645e+01,-1.846346179329992010e+00,4.741653999529306107e-01,5.329491030655068114e-09
2.484027777777777810e+05,1.021146712193836903e+00,4.481902985280801222e-01,-2.478369383009275395e-02,-1.067134084200549069e+03,-4.672771123510773918e+02,2.581879778092791611e+01,-7.897855458755842939e+00,-7.131858629430652741e+00,4.623216736299378127e-01,5.328220885807108397e-09
2.496701388888888760e+05,1.024641445394115058e+00,4.512943403361480144e-01,-2.486034052578575335e-02,-1.072360363714301229e+03,-4.696119180543720404e+02,2.594543729358531792e+01,-2.667274367150797687e+00,-1.019196521850642156e+01,3.074700116956253226e-01,5.313655061881703905e-09
2.509375000000000000e+05,1.027787872290235160e+00,4.533949999742186154e-01,-2.490565396405317738e-02,-1.077586328471979868e+03,-4.719465859185668251e+02,2.607206919081435359e+01,3.780663488742341372e+00,-9.742607496519845256e+00,4.303711951425159832e-02,5.275246364272357129e-09
2.522048611111110949e+05,1.031249337702911273e+00,4.543275989517872038e-01,-2.494317750398339362e-02,-1.082811981533837752e+03,-4.742811172704742262e+02,2.619869354660123761e+01,9.125526098512189321e+00,-5.207720268343169145e+00,-2.486203777101584911e-01,5.205550927332778331e-09
2.534722222222222190e+05,1.035842830894702304e+00,4.544679951731696033e-01,-2.501198450669098877e-02,-1.088037325915514202e+03,-4.766155134177531068e+02,2.632531043385473168e+01,1.050941867342361924e+01,2.097914726857622369e+00,-4.308204514260833840e-01,5.164232932679118978e-09
2.547395833333333139e+05,1.041870327332893975e+00,4.548570806527907351e-01,-2.514222366548701446e-02,-1.093262364588908213e+03,-4.789497756492997382e+02,2.645191992442715900e+01,6.876012708397729156e+00,8.533164163444691752e+00,-3.981003923349566986e-01,5.217754086521497405e-09
2.560069444444444380e+05,1.048691509963211255e+00,4.563454256979293522e-01,-2.532321214123077480e-02,-1.098487100483054064e+03,-4.812839052356118259e+02,2.657852208913503844e+01,4.652069367335527339e-01,1.112265778843618946e+01,-1.878300075365340049e-01,5.283690185461596020e-09
2.572743055555555620e+05,1.055447836394538541e+00,4.590140076596753715e-01,-2.552217712265389404e-02,-1.103711536484946464e+03,-4.836179034291146195e+02,2.670511699777888737e+01,-5.719727407829981125e+00,9.583133436207868172e+00,8.534811048584740878e-02,5.317223884075728448e-09
2.585416666666666570e+05,1.061581084136375974e+00,4.625211827833692890e-01,-2.571094370249561722e-02,-1.108935675440315890e+03,-4.859517714644932767e+02,2.683170471916236721e+01,-9.726066333356937932e+00,5.109697041361096481e+00,3.228752708803917515e-01,5.329183865002477972e-09
2.598090277777777810e+05,1.066816995263852874e+00,4.664146745898336555e-01,-2.587071651130710276e-02,-1.114159520154402117e+03,-4.882855105590400626e+02,2.695828532111119813e+01,-1.059442059548515047e+01,-7.155419007521484076e-01,4.590032866804629741e-01,5.328647515197847533e-09
2.610763888888888760e+05,1.071077908648497390e+00,4.702092491077547454e-01,-2.598995377184911901e-02,-1.119383073392734786e+03,-4.906191219129951833e+02,2.708485887049177521e+01,-8.053115065758129631e+00,-6.195185561430566423e+00,4.533577181665726097e-01,5.315170046934111696e-09
2.623437500000000000e+05,1.074487431350104938e+00,4.733819472380014215e-01,-2.606447026906566142e-02,-1.124606337881899208e+03,-4.929526067098666999e+02,2.721142543322938678e+01,-2.534529694778359321e+00,-9.499870141980480298e+00,2.912980714050987796e-01,5.278785438595587197e-09
2.636111111111111240e+05,1.077489045652673560e+00,4.754280555187115898e-01,-2.610313433598964242e-02,-1.129829316310273953e+03,-4.952859661167285026e+02,2.733798507432584302e+01,4.410001984165331734e+00,-8.864056844441295269e+00,3.846387777911606382e-03,5.210461121129352422e-09
2.648784722222221899e+05,1.080951566073975911e+00,4.761815814372580835e-01,-2.613764723122518827e-02,-1.135052011328725484e+03,-4.976192012845090176e+02,2.746453785787653601e+01,9.741294373589843403e+00,-3.707084488830026725e+00,-2.981035788881314930e-01,5.163857801015633980e-09
2.661458333333333139e+05,1.085725819454480767e+00,4.763012448213845840e-01,-2.621335519377201648e-02,-1.140274425551282093e+03,-4.999523133482932735e+02,2.759108384708711981e+01,1.048308433073751189e+01,3.666787142520043119e+00,-4.559266540325858097e-01,5.212768041519730898e-09
2.674131944444444380e+05,1.091793531053810051e+00,4.768600223762076151e-01,-2.634821487735119691e-02,-1.145496561555827611e+03,-5.022853034276350854e+02,2.771762310429010157e+01,6.699307216841688728e+00,9.504188909168581390e+00,-4.068089914784633887e-01,5.280378894931831279e-09
2.686805555555555620e+05,1.098490229860285883e+00,4.784316914067856530e-01,-2.652576181674849015e-02,-1.150718421884791724e+03,-5.046181726268390548e+02,2.784415569096109166e+01,7.143532762962436777e-01,1.179799781576890361e+01,-2.083450359402859442e-01,5.315843050652504736e-09
2.699479166666666861e+05,1.105151004723768260e+00,4.810541523734273017e-01,-2.672018251229372338e-02,-1.155940009045795932e+03,-5.069509220352191505e+02,2.797068166773437525e+01,-5.145847717259111498e+00,1.041563814523923703e+01,4.916697365103885053e-02,5.328829021281984231e-09
2.712152777777777519e+05,1.111289934009198621e+00,4.845054478503427742e-01,-2.690826488447336379e-02,-1.161161325512267695e+03,-5.092835527273634852e+02,2.809720109441807878e+01,-9.181488170638816726e+00,6.133541323735982154e+00,2.845288121661055936e-01,5.329024680505658022e-09
2.724826388888888760e+05,1.116571388198652759e+00,4.884271027539153209e-01,-2.707040347715177625e-02,-1.166382373724053195e+03,-5.116160657634078461e+02,2.822371403000909140e+01,-1.021849648673805078e+01,2.056902659555435164e-01,4.291585631209772211e-01,5.316592320922254411e-09
2.737500000000000000e+05,1.120805860439757939e+00,4.923225372344479656e-01,-2.719040581376552801e-02,-1.171603156088031028e+03,-5.139484621893066105e+02,2.835022053270783360e+01,-7.593951930830881381e+00,-5.630828770839631403e+00,4.264132344821625065e-01,5.282168599079256718e-09
2.750173611111111240e+05,1.124069422017607511e+00,4.955358581602866686e-01,-2.725987919946494531e-02,-1.176823674978721556e+03,-5.162807430370885413e+02,2.847672065993268120e+01,-1.573951043039795161e+00,-9.081636813603667591e+00,2.469342028468154981e-01,5.215430629607226692e-09
2.762847222222221899e+05,1.126963562206432679e+00,4.974386181144545560e-01,-2.729182837464096817e-02,-1.182043932738874901e+03,-5.186129093250928008e+02,2.860321446833398795e+01,5.737448257311560162e+00,-7.948362612198469179e+00,-6.378692265589286370e-02,5.163994698602723944e-09
2.775520833333333139e+05,1.130555760835407320e+00,4.980620659211036916e-01,-2.732929913040159364e-02,-1.187263931680016867e+03,-5.209449620581958698e+02,2.872970201380758937e+01,1.060610939712431744e+01,-2.340314120260664321e+00,-3.551721249580443995e-01,5.207825850567197039e-09
2.788194444444444380e+05,1.135466697841119643e+00,4.982903084577512409e-01,-2.741239920397107663e-02,-1.192483674082987136e+03,-5.232769022280572244e+02,2.885618335150808278e+01,1.086084351829838113e+01,4.649823418250504048e+00,-4.869209718240014029e-01,5.276912315239785394e-09
2.800868055555555620e+05,1.141484143383318273e+00,4.989908903940669660e-01,-2.754778563918173356e-02,-1.197703162198494965e+03,-5.256087308133671741e+02,2.898265853586206475e+01,7.244057971045808841e+00,9.987300868323799818e+00,-4.357466830167760485e-01,5.314371575947807749e-09
2.813541666666666861e+05,1.148073769551970713e+00,5.005813699143781825e-01,-2.772145529564920552e-02,-1.202922398247666706e+03,-5.279404487800691186e+02,2.910912762058103809e+01,1.624889183611383903e+00,1.221146386939465600e+01,-2.506337328343913873e-01,5.328425414695916330e-09
2.826215277777777519e+05,1.154703097202656847e+00,5.031526957516143650e-01,-2.791379121655188783e-02,-1.208141384422561259e+03,-5.302720570815685051e+02,2.923559065867383921e+01,-4.133993667889258816e+00,1.100416843074174089e+01,-2.042482362994632594e-04,5.329353734660709329e-09
2.838888888888888760e+05,1.160893124335535154e+00,5.065957051236913422e-01,-2.810382098803305972e-02,-1.213360122886660065e+03,-5.326035566589433756e+02,2.936204770245875650e+01,-8.356989556724467860e+00,6.747279318225227307e+00,2.421781306274384815e-01,5.317926171501553005e-09
2.851562500000000000e+05,1.166212499955601611e+00,5.106093265373599088e-01,-2.826912761138087801e-02,-1.218578615775356411e+03,-5.349349484411627600e+02,2.948849880357544606e+01,-9.535185222126081328e+00,4.939758798677806872e-01,3.980964729250227596e-01,5.285397327012216457e-09
2.864236111111111240e+05,1.170356135856964519e+00,5.146210188146680409e-01,-2.838759399185509374e-02,-1.223796865196444060e+03,-5.372662333453043857e+02,2.961494401299673740e+01,-6.601346542315038590e+00,-5.752936225924125679e+00,3.901829421972956013e-01,5.220426831545859610e-09
2.876909722222221899e+05,1.173448570531711699e+00,5.177850453777204098e-01,-2.844945131633695723e-02,-1.229014873230608828e+03,-5.395974122767621566e+02,2.974138338104021528e+01,8.886137549342754127e-03,-9.034988316335558878e+00,1.842651483316513628e-01,5.164641882088074109e-09
2.889583333333333139e+05,1.176364584390860113e+00,5.195036856514774204e-01,-2.847912047625461573e-02,-1.234232641931898797e+03,-5.419284861294319171e+02,2.986781695737945341e+01,7.235455974035412297e+00,-7.261294924117301264e+00,-1.342305120569309285e-01,5.202961342483302662e-09
2.902256944444444380e+05,1.180132718854398632e+00,5.201276826111407292e-01,-2.852366046004589650e-02,-1.239450173328159053e+03,-5.442594557858950566e+02,2.999424479105482177e+01,1.148043564415507767e+01,-1.658784836905945914e+00,-4.006874593533388818e-01,5.273289272188457220e-09
2.914930555555555620e+05,1.185089431974060359e+00,5.205001030690090680e-01,-2.861114806923957185e-02,-1.244667469421466649e+03,-5.465903221176195075e+02,3.012066693048417321e+01,1.156687009781354902e+01,4.823418286887746653e+00,-5.168905772463446846e-01,5.312804843163803042e-09
2.927604166666666861e+05,1.191030154641156802e+00,5.212803587193399757e-01,-2.874492103435252743e-02,-1.249884532188579215e+03,-5.489210859851567648e+02,3.024708342347349799e+01,8.210367814660672892e+00,9.878633534220382373e+00,-4.711643318492220733e-01,5.327971370811729974e-09
2.940277777777777519e+05,1.197561168288552746e+00,5.228477181121544692e-01,-2.891590782135136650e-02,-1.255101363581374471e+03,-5.512517482383217384e+02,3.037349431722729776e+01,2.788199689747512089e+00,1.218014687904369886e+01,-2.952419554136249125e-01,5.329635444660779939e-09
2.952951388888888760e+05,1.204223657453963536e+00,5.253801299069134068e-01,-2.910893937378233876e-02,-1.260317965527264732e+03,-5.535823097163605553e+02,3.049989965835859707e+01,-3.094648435255030972e+00,1.110548006845882618e+01,-4.218638199835486602e-02,5.319175276084793165e-09
2.965625000000000000e+05,1.210496450033743399e+00,5.288710072436360043e-01,-2.930315049118400322e-02,-1.265534339929593443e+03,-5.559127712481216577e+02,3.062629949289872755e+01,-7.615061434801650542e+00,6.677677323111463004e+00,2.150138117299041363e-01,5.288473555522142309e-09
2.978298611111111240e+05,1.215812809156649577e+00,5.330279914311120137e-01,-2.947088551502769632e-02,-1.270750488668027856e+03,-5.582431336522297443e+02,3.075269386630692026e+01,-8.790534443289862665e+00,-8.056057403616945223e-02,3.796163935233227149e-01,5.225419510762392542e-09
2.990972222222221899e+05,1.219792170470578752e+00,5.371029102524276233e-01,-2.958396391729552904e-02,-1.275966413598952613e+03,-5.605733977372644858e+02,3.087908282347985534e+01,-5.289811559220968462e+00,-6.552054524312147521e+00,3.530430904438869311e-01,5.165791168709978587e-09
3.003645833333333139e+05,1.222788369142575604e+00,5.401072725612623415e-01,-2.963926047144014100e-02,-1.281182116555871517e+03,-5.629035643019286681e+02,3.100546640876104476e+01,1.649364829485136852e+00,-9.278967367768812480e+00,1.243614195934602817e-01,5.198210453755513843e-09
3.016319444444444380e+05,1.225844966807252634e+00,5.417164217561221129e-01,-2.967267110512509729e-02,-1.286397599349784059e+03,-5.652336341351956435e+02,3.113184466594990241e+01,8.376524559862117414e+00,-7.125617309192913140e+00,-1.808614526785295995e-01,5.269509357483111056e-09
3.028993055555555620e+05,1.229738377587362486e+00,5.424279809448340206e-01,-2.972377407090704554e-02,-1.291612863769537171e+03,-5.675636080164608757e+02,3.125821763831046951e+01,1.217570438015292922e+01,-1.832733923803340437e+00,-4.241772413174205725e-01,5.311137682319755162e-09
3.041666666666666861e+05,1.234680768734818024e+00,5.429117864785153458e-01,-2.981268098458847438e-02,-1.296827911582179695e+03,-5.698934867157057624e+02,3.138458536858012593e+01,1.230472929909191038e+01,4.256535148050264894e+00,-5.352337757657181783e-01,5.327464668903275187e-09
3.054340277777777519e+05,1.240558685328319921e+00,5.437094075349051536e-01,-2.994430523647891723e-02,-1.302042744533326413e+03,-5.722232709936574793e+02,3.151094789897820547e+01,9.160481074107028832e+00,9.247732805572216108e+00,-4.968436981372300054e-01,5.329870050978974393e-09
3.067013888888888760e+05,1.247090631482052459e+00,5.452259436234536683e-01,-3.011449324987705220e-02,-1.307257364347515022e+03,-5.745529616019344985e+02,3.163730527121443359e+01,3.727664404489732242e+00,1.172378558245764779e+01,-3.235367475628108669e-01,5.320342758397529205e-09
3.079687500000000000e+05,1.253845114107679848e+00,5.477461479958651847e-01,-3.031102365871536641e-02,-1.312471772728542646e+03,-5.768825592831844915e+02,3.176365752649707730e+01,-2.484311834730914992e+00,1.068860244910793078e+01,-5.806454335459683425e-02,5.291399575067397453e-09
3.092361111111111240e+05,1.260199847548022056e+00,5.513501591326044338e-01,-3.051051562796933819e-02,-1.317685971359789846e+03,-5.792120647712221171e+02,3.189000470554088906e+01,-7.298628584350006498e+00,5.861853955681274542e+00,2.177844305661685020e-01,5.230381000265414335e-09
3.105034722222221899e+05,1.265425237593612362e+00,5.556546844112890682e-01,-3.067724586064356218e-02,-1.322899961904537577e+03,-5.815414787911707890e+02,3.201634684857493340e+01,-8.163091498858610962e+00,-1.415664030038615184e+00,3.790466054244951422e-01,5.167428142725581002e-09
3.117708333333333139e+05,1.269230705757247835e+00,5.596622863313602814e-01,-3.078227602895703893e-02,-1.328113746006289375e+03,-5.838708020596106962e+02,3.214268399535034604e+01,-4.061224360382352572e+00,-7.654819438432674872e+00,3.244928710129852956e-01,5.193610950303776404e-09
3.130381944444444380e+05,1.272271476365315124e+00,5.624916687172714092e-01,-3.083634735847072539e-02,-1.333327325289100600e+03,-5.862000352847137492e+02,3.226901618514803260e+01,2.714942272590662675e+00,-9.772753446601123883e+00,9.169690787152667832e-02,5.265573233871923012e-09
3.143055555555555620e+05,1.275483324554576692e+00,5.640939821780419638e-01,-3.087586704291900991e-02,-1.338540701357882881e+03,-5.885291791663639742e+02,3.239534345678600857e+01,8.891984800491211871e+00,-7.598583977995064132e+00,-1.919856444737273737e-01,5.309364496452740316e-09
3.155729166666666861e+05,1.279433348158242278e+00,5.649048950617305831e-01,-3.093100056363108294e-02,-1.343753875798691752e+03,-5.908582343962826826e+02,3.252166584862656151e+01,1.248614725431419714e+01,-2.656317355805824398e+00,-4.210332388116061475e-01,5.326902646119780012e-09
3.168402777777777519e+05,1.284335410852725845e+00,5.654420179959955828e-01,-3.101927629571737954e-02,-1.348966850179017001e+03,-5.931872016581629623e+02,3.264798339858335652e+01,1.274931972469250496e+01,3.243398311126775901e+00,-5.341301060482847030e-01,5.330057384601247588e-09
3.181076388888888760e+05,1.290182650023902200e+00,5.661998733239961279e-01,-3.114903235278011079e-02,-1.354179626048081673e+03,-5.955160816278001903e+02,3.277429614412850611e+01,9.705513452079923553e+00,8.370679866411327552e+00,-5.021088700190519116e-01,5.321431305923458872e-09
3.193750000000000000e+05,1.296778906306329526e+00,5.676524679070900081e-01,-3.132071275502624347e-02,-1.359392204937132192e+03,-5.978448749732118586e+02,3.290060412229946252e+01,4.040917359621778004e+00,1.106740920202507716e+01,-3.234164302097720101e-01,5.294178017654882871e-09
3.206423611111111240e+05,1.303664373497792184e+00,5.702122872473076587e-01,-3.152319312463105344e-02,-1.364604588359716672e+03,-6.001735823547513746e+02,3.302690736970573226e+01,-2.636018392340279348e+00,9.890675653917002208e+00,-3.696702308843369256e-02,5.235286314095027441e-09
3.219097222222221899e+05,1.310036555154296289e+00,5.739859130871953763e-01,-3.172637801221187687e-02,-1.369816777811950260e+03,-6.025022044252187925e+02,3.315320592253536347e+01,-7.518081181041249117e+00,4.467648497425593668e+00,2.519625334394575145e-01,5.169532526713932718e-09
3.231770833333333139e+05,1.315084065255420542e+00,5.783436266545745053e-01,-3.188699643469618261e-02,-1.375028774772771612e+03,-6.048307418299796154e+02,3.327949981656137624e+01,-7.766961871220614100e+00,-2.998854943606348300e+00,3.920061735807804371e-01,5.189202042122103963e-09
3.244444444444444380e+05,1.318817392558363721e+00,5.821837069680657617e-01,-3.198628111103679617e-02,-1.380240580704213471e+03,-6.071591952070864409e+02,3.340578908714815043e+01,-3.419346233559424686e+00,-8.654909491349041417e+00,3.175140746444361506e-01,5.261482991635602623e-09
3.257118055555555620e+05,1.321980057083574467e+00,5.849115481727598098e-01,-3.204348105458017237e-02,-1.385452197051671192e+03,-6.094875651873894640e+02,3.353207376925775662e+01,2.923867979818834506e+00,-1.042052613947705630e+01,9.582096907880648107e-02,5.307479440829426352e-09
3.269791666666666861e+05,1.325299653506286868e+00,5.865599085356245634e-01,-3.208813583962465826e-02,-1.390663625244150808e+03,-6.118158523946340210e+02,3.365835389745598150e+01,8.717491309252572762e+00,-8.410294286746440307e+00,-1.697410645654841010e-01,5.326282345722069054e-09
3.282465277777777519e+05,1.329250744310251031e+00,5.874393972957385746e-01,-3.214454893673486524e-02,-1.395874866694508000e+03,-6.141440574455663182e+02,3.378462950591818981e+01,1.230146451533378205e+01,-3.710752045637470076e+00,-3.941563270744274927e-01,5.330197023889180749e-09
3.295138888888888760e+05,1.334105176165370388e+00,5.879648693250989488e-01,-3.223076797550972900e-02,-1.401085922799687069e+03,-6.164721809500433665e+02,3.391090062843525033e+01,1.272484718418626670e+01,2.226901473371364570e+00,-5.142926348128949998e-01,5.322443327234562976e-09
3.307812500000000000e+05,1.339965312922619445e+00,5.886349934143790819e-01,-3.235955212725868946e-02,-1.406296794940966265e+03,-6.188002235111401887e+02,3.403716729841931254e+01,9.629565603476770264e+00,7.658278209753158983e+00,-4.855173246548702970e-01,5.296811896311107634e-09
3.320486111111111240e+05,1.346688030052658247e+00,5.900408263085459293e-01,-3.253549524923383257e-02,-1.411507484484197676e+03,-6.211281857252508871e+02,3.416342954890952655e+01,3.516287326438958694e+00,1.051580837466781126e+01,-2.917607645765261659e-01,5.240113267005208619e-09
3.333159722222221899e+05,1.353689443272040105e+00,5.927223899947453578e-01,-3.274475366184514957e-02,-1.416717992780039367e+03,-6.234560681821811841e+02,3.428968741257758523e+01,-3.572501296343950639e+00,8.910446513867576357e+00,1.855045017035152760e-02,5.172078718051802586e-09
3.345833333333333139e+05,1.359954898046874749e+00,5.966462317318774744e-01,-3.294634635320271843e-02,-1.421928321164171393e+03,-6.257838714652400540e+02,3.441594092173308184e+01,-8.087439334436364646e+00,2.959215393077056167e+00,3.020607987588412313e-01,5.185023871975399557e-09
3.358506944444444380e+05,1.364842243814489819e+00,6.009145881849129456e-01,-3.309907284670345062e-02,-1.427138470957508844e+03,-6.281115961513387447e+02,3.454219010832881764e+01,-7.782219641689778200e+00,-4.197422939015668319e+00,4.146470534584720813e-01,5.257242523345467044e-09
3.371180555555555620e+05,1.368612564000285303e+00,6.045969930934489422e-01,-3.319712543724550463e-02,-1.432348443466428307e+03,-6.304392428110926403e+02,3.466843500396612399e+01,-3.570132098414786626e+00,-9.304608562794905779e+00,3.359932130293010744e-01,5.305476629302113762e-09
3.383854166666666861e+05,1.371892502418639026e+00,6.072957483881014085e-01,-3.325852857847153704e-02,-1.437558239982987971e+03,-6.327668120089106196e+02,3.479467563990007761e+01,2.356768932445855391e+00,-1.097115454617079244e+01,1.291503979128123536e-01,5.325600684403168038e-09
3.396527777777777519e+05,1.375256947648797690e+00,6.089989867878526919e-01,-3.330596476901646202e-02,-1.442767861785134755e+03,-6.350943043030771378e+02,3.492091204704448160e+01,7.987473694446372008e+00,-9.155546165452058460e+00,-1.265359932176922386e-01,5.330288466557952799e-09
3.409201388888888760e+05,1.379165238599728394e+00,6.098987874263344100e-01,-3.336106732809263065e-02,-1.447977310136901224e+03,-6.374217202458401061e+02,3.504714425597678229e+01,1.171517593970506788e+01,-4.529692352499442798e+00,-3.553906883249282611e-01,5.323381123217118298e-09
3.421875000000000000e+05,1.383979084813265370e+00,6.103481457602624172e-01,-3.344438458596223074e-02,-1.453186586288603621e+03,-6.397490603835010461e+02,3.517337229694292233e+01,1.227458603291888650e+01,1.671597590864796201e+00,-4.855338071007929135e-01,5.299304671075422489e-09
3.434548611111111240e+05,1.389911610921435337e+00,6.109064593806781129e-01,-3.357414315874526073e-02,-1.458395691477045830e+03,-6.420763252565059247e+02,3.529959619986217234e+01,8.920178206643985419e+00,7.491500370731373870e+00,-4.532070413864698333e-01,5.244842568525032668e-09
3.447222222222221899e+05,1.396798973243988051e+00,6.123373075669238386e-01,-3.375711620158901999e-02,-1.463604626925719231e+03,-6.444035153995288283e+02,3.542581599433189865e+01,2.225097066566578796e+00,1.025894602928580568e+01,-2.347173597758916708e-01,5.175036475424068681e-09
3.459895833333333139e+05,1.403809240690012228e+00,6.152013484384004638e-01,-3.396994340688561098e-02,-1.468813393844996426e+03,-6.467306313415484738e+02,3.555203170963216053e+01,-4.900480570706049477e+00,8.012701788212321929e+00,8.821859882434290867e-02,5.181116874190304981e-09
3.472569444444444380e+05,1.409893044163408771e+00,6.191522512650509125e-01,-3.416481329393920852e-02,-1.474021993432308136e+03,-6.490576736059243785e+02,3.567824337473015106e+01,-8.785759450711562835e+00,1.964266684678738217e+00,3.483517059523805748e-01,5.252857883408279077e-09
3.485243055555555620e+05,1.414714369427657825e+00,6.232696223347156117e-01,-3.431232012655092978e-02,-1.479230426872323505e+03,-6.513846427104812165e+02,3.580445101828463805e+01,-8.255326386930835980e+00,-4.666734253946362543e+00,4.428178500819922037e-01,5.303350338913984397e-09
3.497916666666666861e+05,1.418563867548234825e+00,6.268553713550233386e-01,-3.441187992502778986e-02,-1.484438695337139279e+03,-6.537115391675935143e+02,3.593065466865042623e+01,-4.325902078873960832e+00,-9.438314174963910119e+00,3.695741209187533016e-01,5.324854610034789079e-09
3.510590277777777519e+05,1.421916097536243928e+00,6.295700368247432177e-01,-3.447647599689540598e-02,-1.489646799986461929e+03,-6.560383634842580705e+02,3.605685435388266313e+01,1.342465536188090169e+00,-1.116300330083170600e+01,1.740372489305679615e-01,5.330331288716641992e-09
3.523263888888888760e+05,1.425261638254093910e+00,6.313148146136973171e-01,-3.452392017588314793e-02,-1.494854741967781365e+03,-6.583651161621652363e+02,3.618305010174099579e+01,7.033689541834238668e+00,-9.495173866525753681e+00,-8.148539811149027590e-02,5.324247044050103486e-09
3.535937500000000000e+05,1.429094905067450627e+00,6.321786155800155349e-01,-3.457544582803701028e-02,-1.500062522416534648e+03,-6.606917976977703120e+02,3.630924193969372737e+01,1.101826253413322831e+01,-4.745842712288410148e+00,-3.227176113728446039e-01,5.301660312001845746e-09
3.548611111111111240e+05,1.433900695944685832e+00,6.324968295380504202e-01,-3.465619547338411738e-02,-1.505270142456272652e+03,-6.630184085823694886e+02,3.643542989492181761e+01,1.160031962478983303e+01,1.911766860145357239e+00,-4.617085947748213459e-01,5.249457873081622091e-09
3.561284722222221899e+05,1.439978198378175867e+00,6.329750188153422386e-01,-3.479036756692628629e-02,-1.510477603198828319e+03,-6.653449493021762464e+02,3.656161399432295411e+01,7.733278693228619716e+00,8.009533455356301346e+00,-4.138099790580557213e-01,5.178371724989185346e-09
3.573958333333333139e+05,1.446984943916987731e+00,6.345425111309430655e-01,-3.498050959095097556e-02,-1.515684905744485604e+03,-6.676714203383917265e+02,3.668779426451553860e+01,6.151300898654836757e-01,1.029658339087540853e+01,-1.701105217959439642e-01,5.177521012569267108e-09
3.586631944444444380e+05,1.453868499940774051e+00,6.375390487039376275e-01,-3.519063504909908380e-02,-1.520892051182141813e+03,-6.699978221672678274e+02,3.681397073184252378e+01,-6.072614798953482662e+00,7.584468195851732375e+00,1.435055586216240631e-01,5.248337602117316175e-09
3.599305555555555620e+05,1.459807142632250976e+00,6.414075363326059431e-01,-3.537832600120545401e-02,-1.526099040589453352e+03,-6.723241552601712101e+02,3.694014342237513659e+01,-9.455485597810884713e+00,1.821960570372302968e+00,3.786562526879254653e-01,5.301095186243583934e-09
3.611979166666666861e+05,1.464635009775460128e+00,6.453960797004358874e-01,-3.552388548364083382e-02,-1.531305875032990116e+03,-6.746504200836565133e+02,3.706631236191662282e+01,-8.953277198416037308e+00,-4.360741276669870992e+00,4.664396530117101980e-01,5.324041222902249006e-09
3.624652777777777519e+05,1.468554883434522562e+00,6.489483092606178616e-01,-3.562569887596825358e-02,-1.536512555568391917e+03,-6.769766170995344510e+02,3.719247757600595605e+01,-5.275336703316650500e+00,-9.017403085855823619e+00,4.012075809756920908e-01,5.330325264457211152e-09
3.637326388888888760e+05,1.471919962768453605e+00,6.517054696893631593e-01,-3.569158157430671330e-02,-1.541719083240523787e+03,-6.793027467649351365e+02,3.731863908992147572e+01,3.428156811366314116e-01,-1.089306365015917777e+01,2.102989388203969912e-01,5.325043605590508811e-09
3.650000000000000000e+05,1.475187347692489936e+00,6.534651505926429849e-01,-3.573620829981886959e-02,-1.546925459083620126e+03,-6.816288095323662901e+02,3.744479692868440424e+01,6.302205149053380140e+00,-9.279670966646431651e+00,-5.495280973769621491e-02,5.303883331952190331e-09
