# N, dt, tmax
# 2, 1262.9757785467127, 365000
# t, xSun, ySun, zSun, xJup, yJup, zJup, E
0.000000000000000000e+00,-2.538538502120102781e-03,-4.054773079123795421e-03,7.363862678302768978e-05,2.658740144031779717e+00,4.246769529554976330e+00,-7.712546924771697399e-02,-2.712978880124756464e-08
1.267361111111111086e+03,1.003188015569386402e-02,-1.720651791960755780e-03,-2.173005282778183779e-04,-1.050689696759901537e+01,1.802125904084411978e+00,2.275898661253452360e-01,1.298504895041644080e-08
2.534722222222222172e+03,1.870361727510534700e-02,1.282165020988552950e-03,-4.237903533293744997e-04,-1.958924713822447217e+01,-1.342876466017190795e+00,4.438571343744430742e-01,1.006076191854350677e-08
3.802083333333333030e+03,2.621222217251653608e-02,4.205247126586979245e-03,-6.039256926106100886e-04,-2.745338993131111138e+01,-4.404368632460518462e+00,6.325220128097384098e-01,9.745766105344604127e-09
5.069444444444444343e+03,3.314675309489086008e-02,7.036230099266280180e-03,-7.708344530576643821e-04,-3.471627592967130482e+01,-7.369400705145928931e+00,8.073340242960906910e-01,9.666884488846714560e-09
6.336805555555555657e+03,3.973219516779609439e-02,9.793110203923458684e-03,-9.296250816449043832e-04,-4.161354346798363935e+01,-1.025682108518465974e+01,9.736435044825609841e-01,9.638027515577126658e-09
7.604166666666666060e+03,4.608004862170625437e-02,1.249142995169145315e-02,-1.082856784066639402e-03,-4.826197239362189606e+01,-1.308290823290090721e+01,1.134130839311932037e+00,9.624934829244645530e-09
8.871527777777777374e+03,5.225439689816396144e-02,1.514271572629254797e-02,-1.232011206535450288e-03,-5.472868054563198825e+01,-1.585973431465824923e+01,1.290347832021125463e+00,9.618108743533419200e-09
1.013888888888888869e+04,5.829577405317881711e-02,1.775546801832872390e-02,-1.378030545231646647e-03,-6.105612129701695778e+01,-1.859620232546290453e+01,1.443281292463941323e+00,9.614186523787567872e-09
1.140625000000000000e+04,6.423159855007316843e-02,2.033607155042565368e-02,-1.521554766753693139e-03,-6.727301139525252438e+01,-2.129899930919433260e+01,1.593601490122114051e+00,9.611765018898984073e-09
1.267361111111111131e+04,7.008136190578213853e-02,2.288942765969077808e-02,-1.663040322843790508e-03,-7.339976529475815425e+01,-2.397325868483203237e+01,1.741786490059374914e+00,9.610185111891527776e-09
1.394097222222222263e+04,7.585946137586233040e-02,2.541937746974443774e-02,-1.802825285106208477e-03,-7.945146197159829171e+01,-2.662300345598974260e+01,1.888190371816010238e+00,9.609108132555969341e-09
1.520833333333333212e+04,8.157686001028678635e-02,2.792898733239700115e-02,-1.941167671856456256e-03,-8.543958358412507437e+01,-2.925144516846322418e+01,2.033083371062177402e+00,9.608347374074621681e-09
1.647569444444444525e+04,8.724211526807940098e-02,3.042074517542983636e-02,-2.078269277372829342e-03,-9.137309279326281342e+01,-3.186118955522139018e+01,2.176676837181819479e+00,9.607793894983458507e-09
1.774305555555555475e+04,9.286204572579918881e-02,3.289669856222146582e-02,-2.214291161940152870e-03,-9.725913104012315102e+01,-3.445438113325597840e+01,2.319139456781232234e+00,9.607381085628101134e-09
1.901041666666666788e+04,9.844217956956356763e-02,3.535855386186829985e-02,-2.349364098098382335e-03,-1.031034882744515215e+02,-3.703280706947947465e+01,2.460608194575124141e+00,9.607066590158624605e-09
2.027777777777777737e+04,1.039870658539687881e-01,3.780774891027374740e-02,-2.483595836399494269e-03,-1.089109289518834487e+02,-3.959797328236968639e+01,2.601195903182369040e+00,9.606822561333046174e-09
2.154513888888888687e+04,1.095004963372496476e-01,4.024550721872587056e-02,-2.617076293797913379e-03,-1.146854243731602168e+02,-4.215116121736284072e+01,2.740996757190496069e+00,9.606630156791758316e-09
2.281250000000000000e+04,1.149856672488930032e-01,4.267287908298478261e-02,-2.749881343709799364e-03,-1.204303221115564924e+02,-4.469347090248619025e+01,2.880090222677027523e+00,9.606476304094336989e-09
2.407986111111110949e+04,1.204452996339250570e-01,4.509077322289668788e-02,-2.882075639955122750e-03,-1.261484720555567804e+02,-4.722585408613065283e+01,3.018544014867272196e+00,9.606351732247194203e-09
2.534722222222222263e+04,1.258817304670057924e-01,4.749998146206663163e-02,-3.013714757809166783e-03,-1.318423218372687131e+02,-4.974914008532413590e+01,3.156416340566162937e+00,9.606249736977561112e-09
2.661458333333333212e+04,1.312969827180566484e-01,4.990119821390889832e-02,-3.144846842553828976e-03,-1.375139902157088159e+02,-5.226405619446045847e+01,3.293757624769665604e+00,9.606165385202642030e-09
2.788194444444444525e+04,1.366928199855877990e-01,5.229503603806463785e-02,-3.275513896432160135e-03,-1.431653242970577651e+02,-5.477124397832470493e+01,3.430611858557546689e+00,9.606094990091485311e-09
2.914930555555555475e+04,1.420707896316158736e-01,5.468203818562437923e-02,-3.405752795835839675e-03,-1.487979447120475527e+02,-5.727127241134111557e+01,3.567017664445417235e+00,9.606035757193810227e-09
3.041666666666666424e+04,1.474322572241346108e-01,5.706268880995768455e-02,-3.535596104315992701e-03,-1.544132816893082349e+02,-5.976464857189298385e+01,3.703009147892198705e+00,9.605985541247282299e-09
3.168402777777777737e+04,1.527784343215787544e-01,5.943742134839435920e-02,-3.665072729033469999e-03,-1.600126041554465246e+02,-6.225182642088247320e+01,3.838616584833806744e+00,9.605942676103777862e-09
3.295138888888889051e+04,1.581104010963675366e-01,6.180662545646770090e-02,-3.794208455729140058e-03,-1.655970434298301370e+02,-6.473321406431541902e+01,3.973866981984666591e+00,9.605905853885570801e-09
3.421875000000000000e+04,1.634291249141634483e-01,6.417065278630812442e-02,-3.923026388408396188e-03,-1.711676126835884588e+02,-6.720917980530602165e+01,4.108784537341610310e+00,9.605874037864867181e-09
3.548611111111110949e+04,1.687354757120671511e-01,6.652982183422459506e-02,-4.051547313540394130e-03,-1.767252230459757243e+02,-6.968005722119482925e+01,4.243391021628205806e+00,9.605846398812808014e-09
3.675347222222221899e+04,1.740302388197580152e-01,6.888442203281000542e-02,-4.179790003909051102e-03,-1.822706970326019587e+02,-7.214614944941820340e+01,4.377706096533322544e+00,9.605822267920974386e-09
3.802083333333333576e+04,1.793141257206108119e-01,7.123471722539742590e-02,-4.307771473808606234e-03,-1.878047798160965272e+02,-7.460773282648271731e+01,4.511747581990392497e+00,9.605801101583081002e-09
3.928819444444444525e+04,1.845877831401071256e-01,7.358094863210706826e-02,-4.435507194703157234e-03,-1.933281487448623466e+02,-7.706505999445644761e+01,4.645531682048573252e+00,9.605782454770584941e-09
4.055555555555555475e+04,1.898518007660793538e-01,7.592333739473669518e-02,-4.563011278526151425e-03,-1.988414214288789594e+02,-7.951836256636194378e+01,4.779073176851612814e+00,9.605765960707264864e-09
4.182291666666666424e+04,1.951067178422399850e-01,7.826208677069196318e-02,-4.690296634313575672e-03,-2.043451626454403538e+02,-8.196785342399057583e+01,4.912385586687728178e+00,9.605751315210622528e-09
4.309027777777777374e+04,2.003530288279255500e-01,8.059738403281449526e-02,-4.817375102723484709e-03,-2.098398902668917003e+02,-8.441372870768911696e+01,5.045481312878732361e+00,9.605738264525422480e-09
4.435763888888889051e+04,2.055911882793318157e-01,8.292940212145705203e-02,-4.944257572108495639e-03,-2.153260803729949373e+02,-8.685616954666163281e+01,5.178371759348648240e+00,9.605726595794920474e-09
4.562500000000000000e+04,2.108216150780694575e-01,8.525830108681428654e-02,-5.070954079114332186e-03,-2.208041716797091283e+02,-8.929534356959571539e+01,5.311067437985664164e+00,9.605716129541955479e-09
4.689236111111110949e+04,2.160446961096537666e-01,8.758422935285567479e-02,-5.197473896230487590e-03,-2.262745693918597283e+02,-9.173140622844360337e+01,5.443578060338386315e+00,9.605706713694071919e-09
4.815972222222221899e+04,2.212607894761180471e-01,8.990732482885163690e-02,-5.323825608284540704e-03,-2.317376485678715312e+02,-9.416450196257986249e+01,5.575912617732213583e+00,9.605698218804091594e-09
4.942708333333333576e+04,2.264702273122132792e-01,9.222771589015116289e-02,-5.450017179524218984e-03,-2.371937570693171438e+02,-9.659476522601950421e+01,5.708079451527790837e+00,9.605690534202971104e-09
5.069444444444444525e+04,2.316733182628119003e-01,9.454552224634696356e-02,-5.576056012651678558e-03,-2.426432181556278067e+02,-9.902232139669139599e+01,5.840086314950595714e+00,9.605683564884745536e-09
5.196180555555555475e+04,2.368703496695522270e-01,9.686085571208247202e-02,-5.701949000948073644e-03,-2.480863327742773379e+02,-1.014472875837434884e+02,5.971940427683652075e+00,9.605677228970111467e-09
5.322916666666666424e+04,2.420615895069636592e-01,9.917382089338763751e-02,-5.827702574442255624e-03,-2.535233815885835043e+02,-1.038697733463773574e+02,6.103648524222347937e+00,9.605671455630201972e-09
5.449652777777777374e+04,2.472472881019306679e-01,1.014845158004752668e-01,-5.953322740926574909e-03,-2.589546267785907503e+02,-1.062898813356605103e+02,6.235216896832366018e+00,9.605666183378443770e-09
5.576388888888889051e+04,2.524276796651139798e-01,1.037930323963061063e-01,-6.078815122498683506e-03,-2.643803136450046622e+02,-1.087077078690666241e+02,6.366651433821766126e+00,9.605661358658566532e-09
5.703125000000000000e+04,2.576029836586102850e-01,1.060994570888795230e-01,-6.204184988205688027e-03,-2.698006720416115627e+02,-1.111233434460766603e+02,6.497957653730860983e+00,9.605656934672044593e-09
5.829861111111110949e+04,2.627734060205365596e-01,1.084038711740759053e-01,-6.329437283281814930e-03,-2.752159176578478537e+02,-1.135368732119899988e+02,6.629140735954309527e+00,9.605652870400142810e-09
5.956597222222221899e+04,2.679391402642272713e-01,1.107063512349243384e-01,-6.454576655399724139e-03,-2.806262531700450040e+02,-1.159483773760976675e+02,6.760205548235448170e+00,9.605649129784911809e-09
6.083333333333332848e+04,2.731003684672218546e-01,1.130069695023687704e-01,-6.579607478296132204e-03,-2.860318692772461873e+02,-1.183579315895315176e+02,6.891156671410605838e+00,9.605645681040546891e-09
6.210069444444444525e+04,2.782572621631101972e-01,1.153057941819279897e-01,-6.704533873082350708e-03,-2.914329456352812144e+02,-1.207656072873908926e+02,7.021998421728706141e+00,9.605642496072197694e-09
6.336805555555555475e+04,2.834099831475238584e-01,1.176028897500643322e-01,-6.829359727508161476e-03,-2.968296517009225681e+02,-1.231714719991457230e+02,7.152734871027305985e+00,9.605639549983665036e-09
6.463541666666666424e+04,2.885586842080540837e-01,1.198983172235909000e-01,-6.954088713411654167e-03,-3.022221474963647552e+02,-1.255755896307992998e+02,7.283369865008697985e+00,9.605636820658946791e-09
6.590277777777778101e+04,2.937035097865955402e-01,1.221921344050196923e-01,-7.078724302557288031e-03,-3.076105843029310449e+02,-1.279780207218547901e+02,7.413907039827907219e+00,9.605634288405378928e-09
6.717013888888889051e+04,2.988445965815239025e-01,1.244843961063997195e-01,-7.203269781038451787e-03,-3.129951052917645598e+02,-1.303788226797512664e+02,7.544349837177232843e+00,9.605631935648331431e-09
6.843750000000000000e+04,3.039820740961809431e-01,1.267751543538772618e-01,-7.327728262398678673e-03,-3.183758460982843985e+02,-1.327780499941110293e+02,7.674701518028759217e+00,9.605629746669205446e-09
6.970486111111110949e+04,3.091160651393388137e-01,1.290644585749495254e-01,-7.452102699606577910e-03,-3.237529353463471580e+02,-1.351757544328591507e+02,7.804965175176298509e+00,9.605627707379912423e-09
7.097222222222221899e+04,3.142466862826260865e-01,1.313523557701461453e-01,-7.576395896003160213e-03,-3.291264951273328165e+02,-1.375719852220343284e+02,7.935143744701097290e+00,9.605625805128251743e-09
7.223958333333332848e+04,3.193740482793033797e-01,1.336388906706751367e-01,-7.700610515326130820e-03,-3.344966414387492364e+02,-1.399667892108999467e+02,8.065240016470774265e+00,9.605624028529437199e-09
7.350694444444443798e+04,3.244982564482600251e-01,1.359241058833954297e-01,-7.824749090903405230e-03,-3.398634845864116869e+02,-1.423602110237805221e+02,8.195256643768162874e+00,9.605622367319917627e-09
7.477430555555554747e+04,3.296194110266578159e-01,1.382080420243234631e-01,-7.948814034097532316e-03,-3.452271295537844935e+02,-1.447522931998905449e+02,8.325196152135584171e+00,9.605620812230202859e-09
7.604166666666667152e+04,3.347376074942587376e-01,1.404907378417522001e-01,-8.072807642073435638e-03,-3.505876763416654285e+02,-1.471430763222826101e+02,8.455060947510380842e+00,9.605619354873953687e-09
7.730902777777778101e+04,3.398529368721331378e-01,1.427722303299399642e-01,-8.196732104953788692e-03,-3.559452202810388712e+02,-1.495325991369201404e+02,8.584853323719128682e+00,9.605617987651019755e-09
7.857638888888889051e+04,3.449654859981516331e-01,1.450525548342286308e-01,-8.320589512419356709e-03,-3.612998523216116951e+02,-1.519208986627725722e+02,8.714575469390501539e+00,9.605616703662516230e-09
7.984375000000000000e+04,3.500753377814017631e-01,1.473317451483570628e-01,-8.444381859805408230e-03,-3.666516592982769112e+02,-1.543080102937369702e+02,8.844229474340334463e+00,9.605615496636220386e-09
8.111111111111110949e+04,3.551825714374434173e-01,1.496098336046595145e-01,-8.568111053739843955e-03,-3.720007241775085731e+02,-1.566939678931068443e+02,8.973817335476748980e+00,9.605614360860943092e-09
8.237847222222221899e+04,3.602872627061164956e-01,1.518868511577651237e-01,-8.691778917363992760e-03,-3.773471262854831707e+02,-1.590788038812358423e+02,9.103340962268134717e+00,9.605613291128659260e-09
8.364583333333332848e+04,3.653894840534387400e-01,1.541628274623577655e-01,-8.815387195172746937e-03,-3.826909415195369775e+02,-1.614625493169783397e+02,9.232802181812488129e+00,9.605612282683378152e-09
8.491319444444443798e+04,3.704893048589728011e-01,1.564377909454936488e-01,-8.938937557507015477e-03,-3.880322425444054488e+02,-1.638452339734325562e+02,9.362202743542576755e+00,9.605611331175865171e-09
8.618055555555554747e+04,3.755867915899062659e-01,1.587117688739329568e-01,-9.062431604728171317e-03,-3.933710989745454185e+02,-1.662268864084593929e+02,9.491544323598038346e+00,9.605610432623520292e-09
8.744791666666667152e+04,3.806820079629623654e-01,1.609847874168913173e-01,-9.185870871101221163e-03,-3.987075775437136826e+02,-1.686075340304059864e+02,9.620828528892449327e+00,9.605609583374700106e-09
8.871527777777778101e+04,3.857750150951558266e-01,1.632568717045836393e-01,-9.309256828410893830e-03,-4.040417422628596569e+02,-1.709872031594210569e+02,9.750056900900611723e+00,9.605608780076968976e-09
8.998263888888889051e+04,3.908658716443032533e-01,1.655280458828943257e-01,-9.432590889332459483e-03,-4.093736545672903162e+02,-1.733659190847142497e+02,9.879230919188994875e+00,9.605608019648797881e-09
9.125000000000000000e+04,3.959546339401186499e-01,1.677983331644796738e-01,-9.555874410577036571e-03,-4.147033734539727448e+02,-1.757437061180779665e+02,1.000835200470997499e+01,9.605607299254294041e-09
9.251736111111110949e+04,4.010413561066439314e-01,1.700677558765790187e-01,-9.679108695829389403e-03,-4.200309556097612926e+02,-1.781205876439625797e+02,1.013742152287873743e+01,9.605606616280569265e-09
9.378472222222221899e+04,4.061260901766936549e-01,1.723363355057870305e-01,-9.802294998494429090e-03,-4.253564555312619859e+02,-1.804965861663685018e+02,1.026644078644982550e+01,9.605605968317507107e-09
9.505208333333332848e+04,4.112088861989350308e-01,1.746040927400161480e-01,-9.925434524267270561e-03,-4.306799256369830005e+02,-1.828717233527960957e+02,1.039541105820889477e+01,9.605605353139564893e-09
9.631944444444443798e+04,4.162897923381673193e-01,1.768710475078608679e-01,-1.004852843354034006e-02,-4.360014163723618594e+02,-1.852460200754730124e+02,1.052433355349379518e+01,9.605604768689463376e-09
9.758680555555554747e+04,4.213688549693133112e-01,1.791372190155527955e-01,-1.017157784365977855e-02,-4.413209763082073209e+02,-1.876194964500600122e+02,1.065320944255781654e+01,9.605604213063471192e-09
9.885416666666667152e+04,4.264461187655913532e-01,1.814026257816842569e-01,-1.029458383104241669e-02,-4.466386522330475373e+02,-1.899921718720182469e+02,1.078203985278691235e+01,9.605603684498163352e-09
1.001215277777777810e+05,4.315216267813002937e-01,1.836672856698596257e-01,-1.041754743316355460e-02,-4.519544892398331513e+02,-1.923640650508066301e+02,1.091082587078158994e+01,9.605603181358475101e-09
1.013888888888888905e+05,4.365954205296030954e-01,1.859312159194216885e-01,-1.054046965042491207e-02,-4.572685308074059662e+02,-1.947351940420634264e+02,1.103956854431331891e+01,9.605602702126889010e-09
1.026562500000000000e+05,4.416675400556752118e-01,1.881944331743887200e-01,-1.066335144791139347e-02,-4.625808188771093228e+02,-1.971055762779131726e+02,1.116826888416447083e+01,9.605602245393675904e-09
1.039236111111111095e+05,4.467380240055415230e-01,1.904569535107255573e-01,-1.078619375704448560e-02,-4.678913939248855627e+02,-1.994752285955295292e+02,1.129692786586001674e+01,9.605601809848044024e-09
1.051909722222222190e+05,4.518069096909068660e-01,1.927187924620641368e-01,-1.090899747713957972e-02,-4.732002950291758339e+02,-2.018441672640728939e+02,1.142554643129858860e+01,9.605601394270090564e-09
1.064583333333333285e+05,4.568742331502571030e-01,1.949799650439764664e-01,-1.103176347687385289e-02,-4.785075599349146955e+02,-2.042124080101137622e+02,1.155412549028985758e+01,9.605600997523540678e-09
1.077256944444444380e+05,4.619400292064870239e-01,1.972404857768996767e-01,-1.115449259567079764e-02,-4.838132251138858351e+02,-2.065799660416423649e+02,1.168266592200462739e+01,9.605600618549083713e-09
1.089930555555555475e+05,4.670043315212876744e-01,1.995003687077998578e-01,-1.127718564500707760e-02,-4.891173258216859949e+02,-2.089468560707589404e+02,1.181116857634357231e+01,9.605600256358377802e-09
1.102604166666666715e+05,4.720671726465133222e-01,2.017596274306590609e-01,-1.139984340964686829e-02,-4.944198961515237443e+02,-2.113130923351303352e+02,1.193963427523001641e+01,9.605599910028527610e-09
1.115277777777777810e+05,4.771285840727267358e-01,2.040182751058606803e-01,-1.152246664880848814e-02,-4.997209690850625066e+02,-2.136786886182937621e+02,1.206806381383182547e+01,9.605599578697065000e-09
1.127951388888888905e+05,4.821885962751057964e-01,2.062763244785444927e-01,-1.164505609726776067e-02,-5.050205765405019065e+02,-2.160436582688805345e+02,1.219645796171698571e+01,9.605599261557389613e-09
1.140625000000000000e+05,4.872472387568839158e-01,2.085337878959955815e-01,-1.176761246640214455e-02,-5.103187494180751855e+02,-2.184080142188288676e+02,1.232481746394719657e+01,9.605598957854570099e-09
1.153298611111111095e+05,4.923045400904831892e-01,2.107906773241295384e-01,-1.189013644517948609e-02,-5.156155176431291238e+02,-2.207717690006488453e+02,1.245314304211343526e+01,9.605598666881509310e-09
1.165972222222222190e+05,4.973605279564827786e-01,2.130470043631273458e-01,-1.201262870109484973e-02,-5.209109102069385244e+02,-2.231349347637986966e+02,1.258143539531713806e+01,9.605598387975445324e-09
1.178645833333333285e+05,5.024152291805620285e-01,2.153027802622751175e-01,-1.213508988105868255e-02,-5.262049552053981643e+02,-2.254975232902262690e+02,1.270969520110043405e+01,9.605598120514723786e-09
1.191319444444444380e+05,5.074686697685416581e-01,2.175580159340544384e-01,-1.225752061223934521e-02,-5.314976798757231791e+02,-2.278595460091270866e+02,1.283792311632855920e+01,9.605597863915858110e-09
1.203993055555555475e+05,5.125208749396399366e-01,2.198127219675297672e-01,-1.237992150286276391e-02,-5.367891106312800957e+02,-2.302210140109655185e+02,1.296611977802738025e+01,9.605597617630799780e-09
1.216666666666666570e+05,5.175718691580525332e-01,2.220669086410747006e-01,-1.250229314297186638e-02,-5.420792730946621987e+02,-2.325819380608035658e+02,1.309428580417879040e+01,9.605597381144471702e-09
1.229340277777777810e+05,5.226216761629578489e-01,2.243205859344750142e-01,-1.262463610514814871e-02,-5.473681921291150729e+02,-2.349423286109773130e+02,1.322242179447642840e+01,9.605597153972435548e-09
1.242013888888888905e+05,5.276703189970383123e-01,2.265737635404466710e-01,-1.274695094519766488e-02,-5.526558918684089576e+02,-2.373021958131596136e+02,1.335052833104417225e+01,9.605596935658808924e-09
1.254687500000000000e+05,5.327178200336083469e-01,2.288264508755999405e-01,-1.286923820280350302e-02,-5.579423957452511331e+02,-2.396615495298442227e+02,1.347860597911949654e+01,9.605596725774311560e-09
1.267361111111111095e+05,5.377642010024296093e-01,2.310786570908842652e-01,-1.299149840214674709e-02,-5.632277265183229247e+02,-2.420203993452847158e+02,1.360665528770383759e+01,9.605596523914460409e-09
1.280034722222222190e+05,5.428094830142866645e-01,2.333303910815414106e-01,-1.311373205249766714e-02,-5.685119062980201079e+02,-2.443787545759186344e+02,1.373467679018178700e+01,9.605596329697907011e-09
1.292708333333333285e+05,5.478536865843977033e-01,2.355816614965935418e-01,-1.323593964877891292e-02,-5.737949565709712942e+02,-2.467366242803062448e+02,1.386267100491093629e+01,9.605596142764917134e-09
1.305381944444444380e+05,5.528968316547236972e-01,2.378324767478964263e-01,-1.335812167210223902e-02,-5.790768982234037594e+02,-2.490940172686104006e+02,1.399063843578403521e+01,9.605595962775948026e-09
1.318055555555555620e+05,5.579389376152384949e-01,2.400828450187757479e-01,-1.348027859028027263e-02,-5.843577515634207202e+02,-2.514509421116432577e+02,1.411857957276497899e+01,9.605595789410318308e-09
1.330729166666666570e+05,5.629800233242179264e-01,2.423327742722740652e-01,-1.360241085831471325e-02,-5.896375363422509963e+02,-2.538074071495030353e+02,1.424649489240012379e+01,9.605595622365021795e-09
1.343402777777777810e+05,5.680201071276010927e-01,2.445822722590262899e-01,-1.372451891886222394e-02,-5.949162717745274449e+02,-2.561634204998232462e+02,1.437438485830624657e+01,9.605595461353577716e-09
1.356076388888888760e+05,5.730592068774760239e-01,2.468313465247867766e-01,-1.384660320267924738e-02,-6.001939765576471473e+02,-2.585189900656550321e+02,1.450224992163643201e+01,9.605595306104991777e-09
1.368750000000000000e+05,5.780973399497340015e-01,2.490800044176229022e-01,-1.396866412904695237e-02,-6.054706688902628002e+02,-2.608741235430020993e+02,1.463009052152510492e+01,9.605595156362791666e-09
1.381423611111110949e+05,5.831345232609415064e-01,2.513282530947953397e-01,-1.409070210617721468e-02,-6.107463664899522655e+02,-2.632288284280264179e+02,1.475790708551327057e+01,9.605595011884112192e-09
1.394097222222222190e+05,5.881707732844658754e-01,2.535760995293397935e-01,-1.421271753160079955e-02,-6.160210866101089096e+02,-2.655831120239423058e+02,1.488570002995506769e+01,9.605594872438878031e-09
1.406770833333333430e+05,5.932061060658990748e-01,2.558235505163675150e-01,-1.433471079253858908e-02,-6.212948460560952526e+02,-2.679369814476141869e+02,1.501346976040657211e+01,9.605594737809004668e-09
1.419444444444444380e+05,5.982405372378130082e-01,2.580706126790960342e-01,-1.445668226625677205e-02,-6.265676612006965343e+02,-2.702904436358739417e+02,1.514121667199778898e+01,9.605594607787682061e-09
1.432118055555555620e+05,6.032740820338811094e-01,2.603172924746273154e-01,-1.457863232040677512e-02,-6.318395479989119394e+02,-2.726435053515718323e+02,1.526894114978872352e+01,9.605594482178691388e-09
1.444791666666666570e+05,6.083067553024003038e-01,2.625635961994824408e-01,-1.470056131335082186e-02,-6.371105220021161131e+02,-2.749961731893740762e+02,1.539664356911029941e+01,9.605594360795791280e-09
1.457465277777777810e+05,6.133385715192425369e-01,2.648095299949089210e-01,-1.482246959447371115e-02,-6.423805983716238188e+02,-2.773484535813204843e+02,1.552432429589093665e+01,9.605594243462122251e-09
1.470138888888888760e+05,6.183695448002639594e-01,2.670550998519677366e-01,-1.494435750448159378e-02,-6.476497918916871868e+02,-2.797003528021531906e+02,1.565198368696948172e+01,9.605594130009645867e-09
1.482812500000000000e+05,6.233996889132004116e-01,2.693003116164143229e-01,-1.506622537568841173e-02,-6.529181169819545403e+02,-2.820518769744282395e+02,1.577962209039517738e+01,9.605594020278660022e-09
1.495486111111110949e+05,6.284290172890742987e-01,2.715451709933812685e-01,-1.518807353229053789e-02,-6.581855877094170637e+02,-2.844030320734206043e+02,1.590723984571533123e+01,9.605593914117289392e-09
1.508159722222222190e+05,6.334575430331355061e-01,2.737896835518740524e-01,-1.530990229063024406e-02,-6.634522177998674124e+02,-2.867538239318321871e+02,1.603483728425124255e+01,9.605593811381073501e-09
1.520833333333333430e+05,6.384852789353596680e-01,2.760338547290873690e-01,-1.543171195944851443e-02,-6.687180206488962995e+02,-2.891042582443127458e+02,1.616241472936301449e+01,9.605593711932506807e-09
1.533506944444444380e+05,6.435122374805276602e-01,2.782776898345511452e-01,-1.555350284012776106e-02,-6.739830093324476366e+02,-2.914543405718022768e+02,1.628997249670373648e+01,9.605593615640701213e-09
1.546180555555555620e+05,6.485384308579009716e-01,2.805211940541142424e-01,-1.567527522692488406e-02,-6.792471966169533744e+02,-2.938040763457034927e+02,1.641751089446358236e+01,9.605593522380960896e-09
1.558854166666666570e+05,6.535638709705174909e-01,2.827643724537738379e-01,-1.579702940719511506e-02,-6.845105949690691887e+02,-2.961534708718920683e+02,1.654503022360426456e+01,9.605593432034492793e-09
1.571527777777777810e+05,6.585885694441231397e-01,2.850072299833565914e-01,-1.591876566160716280e-02,-6.897732165650281786e+02,-2.985025293345726709e+02,1.667253077808435791e+01,9.605593344488045954e-09
1.584201388888888760e+05,6.636125376357557837e-01,2.872497714800594792e-01,-1.604048426434996621e-02,-6.950350732996321312e+02,-3.008512567999869134e+02,1.680001284507584458e+01,9.605593259633633602e-09
1.596875000000000000e+05,6.686357866419987417e-01,2.894920016718561806e-01,-1.616218548333150928e-02,-7.002961767948960414e+02,-3.031996582199815293e+02,1.692747670517234937e+01,9.605593177368235356e-09
1.609548611111110949e+05,6.736583273069198796e-01,2.917339251807751221e-01,-1.628386958037004312e-02,-7.055565384083619165e+02,-3.055477384354414880e+02,1.705492263258941321e+01,9.605593097593544110e-09
1.622222222222222190e+05,6.786801702297075023e-01,2.939755465260555090e-01,-1.640553681137807071e-02,-7.108161692410975547e+02,-3.078955021795950415e+02,1.718235089535716753e+01,9.605593020215701332e-09
1.634895833333333430e+05,6.837013257720203629e-01,2.962168701271854498e-01,-1.652718742653937548e-02,-7.160750801453938266e+02,-3.102429540811963875e+02,1.730976175550579299e+01,9.605592945145073732e-09
1.647569444444444380e+05,6.887218040650631146e-01,2.984579003068291714e-01,-1.664882167047949946e-02,-7.213332817321747825e+02,-3.125900986675909508e+02,1.743715546924402204e+01,9.605592872296038191e-09
1.660243055555555620e+05,6.937416150163974171e-01,3.006986412936464292e-01,-1.677043978242985858e-02,-7.265907843781327529e+02,-3.149369403676688535e+02,1.756453228713105474e+01,9.605592801586760075e-09
1.672916666666666570e+05,6.987607683165049099e-01,3.029390972250108893e-01,-1.689204199638583842e-02,-7.318475982326008307e+02,-3.172834835147110653e+02,1.769189245424212586e+01,9.605592732939006298e-09
1.685590277777777810e+05,7.037792734451099319e-01,3.051792721496290328e-01,-1.701362854125914453e-02,-7.371037332241746753e+02,-3.196297323491334623e+02,1.781923621032807858e+01,9.605592666277958372e-09
1.698263888888888760e+05,7.087971396772703159e-01,3.074191700300670238e-01,-1.713519964102460519e-02,-7.423591990670935274e+02,-3.219756910211324907e+02,1.794656378996911172e+01,9.605592601532037051e-09
1.710937500000000000e+05,7.138143760892536882e-01,3.096587947451869827e-01,-1.725675551486171092e-02,-7.476140052673924856e+02,-3.243213635932372654e+02,1.807387542272301673e+01,9.605592538632751780e-09
1.723611111111110949e+05,7.188309915641997172e-01,3.118981500924977723e-01,-1.737829637729107479e-02,-7.528681611288342310e+02,-3.266667540427714584e+02,1.820117133326812819e+01,9.605592477514530296e-09
1.736284722222222190e+05,7.238469947975827434e-01,3.141372397904235170e-01,-1.749982243830611878e-02,-7.581216757586305448e+02,-3.290118662642292975e+02,1.832845174154119761e+01,9.605592418114589593e-09
1.748958333333333430e+05,7.288623943024834517e-01,3.163760674804934059e-01,-1.762133390350005893e-02,-7.633745580729621452e+02,-3.313567040715690268e+02,1.845571686287043178e+01,9.605592360372785367e-09
1.761631944444444380e+05,7.338771984146743588e-01,3.186146367294560022e-01,-1.774283097418849139e-02,-7.686268168023063936e+02,-3.337012712004273567e+02,1.858296690810386664e+01,9.605592304231482982e-09
1.774305555555555620e+05,7.388914152975282201e-01,3.208529510313208322e-01,-1.786431384752771093e-02,-7.738784604965783274e+02,-3.360455713102576851e+02,1.871020208373329297e+01,9.605592249635449934e-09
1.786979166666666570e+05,7.439050529467601258e-01,3.230910138093312511e-01,-1.798578271662897368e-02,-7.791294975300959322e+02,-3.383896079863963564e+02,1.883742259201392244e+01,9.605592196531730121e-09
1.799652777777777810e+05,7.489181191950059491e-01,3.253288284178699197e-01,-1.810723777066881521e-02,-7.843799361063749984e+02,-3.407333847420583766e+02,1.896462863107993968e+01,9.605592144869526380e-09
1.812326388888888760e+05,7.539306217162409229e-01,3.275663981443003303e-01,-1.822867919499567349e-02,-7.896297842627602677e+02,-3.430769050202666222e+02,1.909182039505616402e+01,9.605592094600109503e-09
1.825000000000000000e+05,7.589425680300569965e-01,3.298037262107482714e-01,-1.835010717123286561e-02,-7.948790498749013977e+02,-3.454201721957167024e+02,1.921899807416590278e+01,9.605592045676730549e-09
1.837673611111110949e+05,7.639539655057903111e-01,3.320408157758226730e-01,-1.847152187737812271e-02,-8.001277406610774960e+02,-3.477631895765799754e+02,1.934616185483522344e+01,9.605591998054498427e-09
1.850347222222222190e+05,7.689648213665123411e-01,3.342776699362809412e-01,-1.859292348789986019e-02,-8.053758641863785215e+02,-3.501059604062474477e+02,1.947331191979373699e+01,9.605591951690325299e-09
1.863020833333333430e+05,7.739751426928922484e-01,3.365142917286393365e-01,-1.871431217383018319e-02,-8.106234278667478748e+02,-3.524484878650167730e+02,1.960044844817204535e+01,9.605591906542819046e-09
1.875694444444444380e+05,7.789849364269282317e-01,3.387506841307313943e-01,-1.883568810285491876e-02,-8.158704389728925435e+02,-3.547907750717241697e+02,1.972757161559601258e+01,9.605591862572220406e-09
1.888368055555555620e+05,7.839942093755589703e-01,3.409868500632169397e-01,-1.895705143940063994e-02,-8.211169046340650084e+02,-3.571328250853244413e+02,1.985468159427794532e+01,9.605591819740315288e-09
1.901041666666666570e+05,7.890029682141583844e-01,3.432227923910402545e-01,-1.907840234471894561e-02,-8.263628318417227092e+02,-3.594746409064195518e+02,1.998177855310481377e+01,9.605591778010378528e-09
1.913715277777777810e+05,7.940112194899164866e-01,3.454585139248455006e-01,-1.919974097696795778e-02,-8.316082274530697305e+02,-3.618162254787392840e+02,2.010886265772364467e+01,9.605591737347102749e-09
1.926388888888888760e+05,7.990189696251124296e-01,3.476940174223438484e-01,-1.932106749129124112e-02,-8.368530981944851419e+02,-3.641575816905747729e+02,2.023593407062416105e+01,9.605591697716523914e-09
1.939062500000000000e+05,8.040262249202843048e-01,3.499293055896405269e-01,-1.944238203989422792e-02,-8.420974506648418583e+02,-3.664987123761670205e+02,2.036299295121883191e+01,9.605591659085978315e-09
1.951736111111110949e+05,8.090329915572976871e-01,3.521643810825182408e-01,-1.956368477211820750e-02,-8.473412913387212484e+02,-3.688396203170522085e+02,2.049003945592036757e+01,9.605591621424029781e-09
1.964409722222222190e+05,8.140392756023175913e-01,3.543992465076827303e-01,-1.968497583451199462e-02,-8.525846265695259945e+02,-3.711803082433652889e+02,2.061707373821677791e+01,9.605591584700429970e-09
1.977083333333333430e+05,8.190450830086898337e-01,3.566339044239680289e-01,-1.980625537090139818e-02,-8.578274625924967722e+02,-3.735207788351030445e+02,2.074409594874412122e+01,9.605591548886057163e-09
1.989756944444444380e+05,8.240504196197301345e-01,3.588683573435065277e-01,-1.992752352245647299e-02,-8.630698055276345713e+02,-3.758610347233491780e+02,2.087110623535696163e+01,9.605591513952866628e-09
2.002430555555555620e+05,8.290552911714290651e-01,3.611026077328624018e-01,-2.004878042775677660e-02,-8.683116613825333161e+02,-3.782010784914614874e+02,2.099810474319669851e+01,9.605591479873850917e-09
2.015104166666666570e+05,8.340597032950733958e-01,3.633366580141313973e-01,-2.017002622285456181e-02,-8.735530360551256308e+02,-3.805409126762233996e+02,2.112509161475776054e+01,9.605591446622993546e-09
2.027777777777777810e+05,8.390636615197895054e-01,3.655705105660060905e-01,-2.029126104133610262e-02,-8.787939353363457258e+02,-3.828805397689608299e+02,2.125206698995182464e+01,9.605591414175224325e-09
2.040451388888888760e+05,8.440671712750065225e-01,3.678041677248119479e-01,-2.041248501438112581e-02,-8.840343649127100889e+02,-3.852199622166256745e+02,2.137903100617007723e+01,9.605591382506378000e-09
2.053125000000000000e+05,8.490702378928480787e-01,3.700376317855103014e-01,-2.053369827082047669e-02,-8.892743303688225751e+02,-3.875591824228471864e+02,2.150598379834359264e+01,9.605591351593157855e-09
2.065798611111110949e+05,8.540728666104522304e-01,3.722709050026722366e-01,-2.065490093719207082e-02,-8.945138371898032119e+02,-3.898982027489523148e+02,2.163292549900194928e+01,9.605591321413102629e-09
2.078472222222222190e+05,8.590750625722211042e-01,3.745039895914245021e-01,-2.077609313779516659e-02,-8.997528907636456097e+02,-3.922370255149556897e+02,2.175985623833006599e+01,9.605591291944550116e-09
2.091145833333333430e+05,8.640768308320058155e-01,3.767368877283678863e-01,-2.089727499474303488e-02,-9.049914963835042272e+02,-3.945756530005215836e+02,2.188677614422337214e+01,9.605591263166594153e-09
2.103819444444444380e+05,8.690781763552265504e-01,3.789696015524680606e-01,-2.101844662801412300e-02,-9.102296592499152439e+02,-3.969140874458971666e+02,2.201368534234137897e+01,9.605591235059073039e-09
2.116493055555555620e+05,8.740791040209299201e-01,3.812021331659213308e-01,-2.113960815550167821e-02,-9.154673844729519487e+02,-3.992523310528192155e+02,2.214058395615965580e+01,9.605591207602528178e-09
2.129166666666666570e+05,8.790796186237879173e-01,3.834344846349950764e-01,-2.126075969306194871e-02,-9.207046770743179422e+02,-4.015903859853947324e+02,2.226747210702033897e+01,9.605591180778179261e-09
2.141840277777777810e+05,8.840797248760400295e-01,3.856666579908457626e-01,-2.138190135456102120e-02,-9.259415419893798571e+02,-4.039282543709566653e+02,2.239434991418115217e+01,9.605591154567882908e-09
2.154513888888888760e+05,8.890794274093760663e-01,3.878986552303115287e-01,-2.150303325192029144e-02,-9.311779840691419849e+02,-4.062659383008950158e+02,2.252121749486304836e+01,9.605591128954122744e-09
2.167187500000000000e+05,8.940787307767699144e-01,3.901304783166842372e-01,-2.162415549516062685e-02,-9.364140080821645142e+02,-4.086034398314649252e+02,2.264807496429647315e+01,9.605591103919982924e-09
2.179861111111110949e+05,8.990776394542577821e-01,3.923621291804592071e-01,-2.174526819244532866e-02,-9.416496187164273124e+02,-4.109407609845716820e+02,2.277492243576632447e+01,9.605591079449120014e-09
2.192534722222222190e+05,9.040761578426681488e-01,3.945936097200632986e-01,-2.186637145012183120e-02,-9.468848205811415255e+02,-4.132779037485345270e+02,2.290176002065567218e+01,9.605591055525738173e-09
2.205208333333333430e+05,9.090742902693031979e-01,3.968249218025646785e-01,-2.198746537276226320e-02,-9.521196182085100190e+02,-4.156148700788285169e+02,2.302858782848820951e+01,9.605591032134575919e-09
2.217881944444444380e+05,9.140720409895726206e-01,3.990560672643614915e-01,-2.210855006320286420e-02,-9.573540160554390468e+02,-4.179516618988065488e+02,2.315540596696955689e+01,9.605591009260874695e-09
2.230555555555555620e+05,9.190694141885821233e-01,4.012870479118522127e-01,-2.222962562258235311e-02,-9.625880185052025126e+02,-4.202882811004013206e+02,2.328221454202741469e+01,9.605590986890373907e-09
2.243229166666666570e+05,9.240664139826797463e-01,4.035178655220873489e-01,-2.235069215037916585e-02,-9.678216298690600752e+02,-4.226247295448081900e+02,2.340901365785058985e+01,9.605590965009276183e-09
2.255902777777777810e+05,9.290630444209575511e-01,4.057485218434045970e-01,-2.247174974444772835e-02,-9.730548543878312557e+02,-4.249610090631496178e+02,2.353580341692699918e+01,9.605590943604235791e-09
2.268576388888888760e+05,9.340593094867136736e-01,4.079790185960452398e-01,-2.259279850105374438e-02,-9.782876962334268001e+02,-4.272971214571218184e+02,2.366258392008058564e+01,9.605590922662343750e-09
2.281250000000000000e+05,9.390552130988758517e-01,4.102093574727555536e-01,-2.271383851490848746e-02,-9.835201595103383170e+02,-4.296330684996235618e+02,2.378935526650728249e+01,9.605590902171109633e-09
2.293923611111110949e+05,9.440507591133843190e-01,4.124395401393710081e-01,-2.283486987920221173e-02,-9.887522482570872171e+02,-4.319688519353690594e+02,2.391611755380996129e+01,9.605590882118453294e-09
2.306597222222222190e+05,9.490459513245386169e-01,4.146695682353859214e-01,-2.295589268563664673e-02,-9.939839664476361349e+02,-4.343044734814839103e+02,2.404287087803249889e+01,9.605590862492671782e-09
2.319270833333333430e+05,9.540407934663086564e-01,4.168994433745076833e-01,-2.307690702445663877e-02,-9.992153179927614701e+02,-4.366399348280854724e+02,2.416961533369289228e+01,9.605590843282442649e-09
2.331944444444444380e+05,9.590352892136122520e-01,4.191291671451959910e-01,-2.319791298448091454e-02,-1.004446306741390345e+03,-4.389752376388482276e+02,2.429635101381551365e+01,9.605590824476797479e-09
2.344618055555555620e+05,9.640294421835551297e-01,4.213587411111885395e-01,-2.331891065313211955e-02,-1.009676936481901976e+03,-4.413103835515543096e+02,2.442307800996252709e+01,9.605590806065110311e-09
2.357291666666666570e+05,9.690232559366438458e-01,4.235881668120136112e-01,-2.343990011646596150e-02,-1.014907210943394830e+03,-4.436453741786295382e+02,2.454979641226443832e+01,9.605590788037104253e-09
2.369965277777777810e+05,9.740167339779624012e-01,4.258174457634883447e-01,-2.356088145919968402e-02,-1.020137133796921148e+03,-4.459802111076659799e+02,2.467650630944991619e+01,9.605590770382810124e-09
2.382638888888888760e+05,9.790098797583199897e-01,4.280465794582043459e-01,-2.368185476473975634e-02,-1.025366708656688843e+03,-4.483148959019306972e+02,2.480320778887478639e+01,9.605590753092564799e-09
2.395312500000000000e+05,9.840026966753701032e-01,4.302755693660018643e-01,-2.380282011520885171e-02,-1.030595939081232700e+03,-4.506494301008618208e+02,2.492990093655028971e+01,9.605590736157017830e-09
2.407986111111110949e+05,9.889951880747001045e-01,4.325044169344307576e-01,-2.392377759147214233e-02,-1.035824828574555568e+03,-4.529838152205518895e+02,2.505658583717062982e+01,9.605590719567095046e-09
2.420659722222222190e+05,9.939873572508911570e-01,4.347331235892006873e-01,-2.404472727316293162e-02,-1.041053380587240326e+03,-4.553180527542189111e+02,2.518326257413979263e+01,9.605590703314008478e-09
2.433333333333333139e+05,9.989792074485557283e-01,4.369616907346194346e-01,-2.416566923870760303e-02,-1.046281598517533439e+03,-4.576521441726656576e+02,2.530993122959771924e+01,9.605590687389229896e-09
2.446006944444444380e+05,1.003970741863343452e+00,4.391901197540204471e-01,-2.428660356534999634e-02,-1.051509485712401101e+03,-4.599860909247274208e+02,2.543659188444578945e+01,9.605590671784490801e-09
2.458680555555555620e+05,1.008961963642925674e+00,4.414184120101798392e-01,-2.440753032917508669e-02,-1.056737045468559245e+03,-4.623198944377086264e+02,2.556324461837166950e+01,9.605590656491780777e-09
2.471354166666666570e+05,1.013952875887953908e+00,4.436465688457225109e-01,-2.452844960513216044e-02,-1.061964281033477391e+03,-4.646535561178084777e+02,2.568988950987354514e+01,9.605590641503317708e-09
2.484027777777777810e+05,1.018943481652993643e+00,4.458745915835187201e-01,-2.464936146705735270e-02,-1.067191195606357041e+03,-4.669870773505365946e+02,2.581652663628374000e+01,9.605590626811551090e-09
2.496701388888888760e+05,1.023933783947436948e+00,4.481024815270724382e-01,-2.477026598769564714e-02,-1.072417792339087100e+03,-4.693204595011179094e+02,2.594315607379177280e+01,9.605590612409160375e-09
2.509375000000000000e+05,1.028923785736389984e+00,4.503302399608954953e-01,-2.489116323872234138e-02,-1.077644074337174061e+03,-4.716537039148877852e+02,2.606977789746681751e+01,9.605590598289048352e-09
2.522048611111110949e+05,1.033913489941543418e+00,4.525578681508795054e-01,-2.501205329076398517e-02,-1.082870044660651502e+03,-4.739868119176778691e+02,2.619639218127963431e+01,9.605590584444313027e-09
2.534722222222222190e+05,1.038902899442013084e+00,4.547853673446522471e-01,-2.513293621341877032e-02,-1.088095706324964794e+03,-4.763197848161921684e+02,2.632299899812395694e+01,9.605590570868254237e-09
2.547395833333333139e+05,1.043892017075170653e+00,4.570127387719289391e-01,-2.525381207527649732e-02,-1.093321062301836946e+03,-4.786526238983744861e+02,2.644959841983734705e+01,9.605590557554376960e-09
2.560069444444444380e+05,1.048880845637446768e+00,4.592399836448561867e-01,-2.537468094393799389e-02,-1.098546115520111016e+03,-4.809853304337667623e+02,2.657619051722157977e+01,9.605590544496371461e-09
2.572743055555555620e+05,1.053869387885116637e+00,4.614671031583437166e-01,-2.549554288603408589e-02,-1.103770868866574574e+03,-4.833179056738589452e+02,2.670277536006251040e+01,9.605590531688100061e-09
2.585416666666666570e+05,1.058857646535068975e+00,4.636940984903923368e-01,-2.561639796724413110e-02,-1.108995325186762557e+03,-4.856503508524307335e+02,2.682935301714946164e+01,9.605590519123608714e-09
2.598090277777777810e+05,1.063845624265554068e+00,4.659209708024112384e-01,-2.573724625231411933e-02,-1.114219487285742389e+03,-4.879826671858850204e+02,2.695592355629418790e+01,9.605590506797118736e-09
2.610763888888888760e+05,1.068833323716914752e+00,4.681477212395293019e-01,-2.585808780507429377e-02,-1.119443357928879550e+03,-4.903148558735736628e+02,2.708248704434932819e+01,9.605590494703001989e-09
2.623437500000000000e+05,1.073820747492301830e+00,4.703743509308997428e-01,-2.597892268845639410e-02,-1.124666939842585180e+03,-4.926469180981156342e+02,2.720904354722649643e+01,9.605590482835800737e-09
2.636111111111111240e+05,1.078807898158369527e+00,4.726008609899954305e-01,-2.609975096451047985e-02,-1.129890235715046856e+03,-4.949788550257076167e+02,2.733559312991388168e+01,9.605590471190206135e-09
2.648784722222221899e+05,1.083794778245957602e+00,4.748272525148988787e-01,-2.622057269442141375e-02,-1.135113248196941413e+03,-4.973106678064276025e+02,2.746213585649348232e+01,9.605590459761058228e-09
2.661458333333333139e+05,1.088781390250756154e+00,4.770535265885869070e-01,-2.634138793852488017e-02,-1.140335979902131612e+03,-4.996423575745315020e+02,2.758867179015792104e+01,9.605590448543340996e-09
2.674131944444444380e+05,1.093767736633955323e+00,4.792796842792048650e-01,-2.646219675632307394e-02,-1.145558433408346673e+03,-5.019739254487424773e+02,2.771520099322685837e+01,9.605590437532175725e-09
2.686805555555555620e+05,1.098753819822880118e+00,4.815057266403386382e-01,-2.658299920650001452e-02,-1.150780611257847340e+03,-5.043053725325345340e+02,2.784172352716305809e+01,9.605590426722819362e-09
2.699479166666666861e+05,1.103739642211610139e+00,4.837316547112784360e-01,-2.670379534693655826e-02,-1.156002515958074582e+03,-5.066366999144088368e+02,2.796823945258806532e+01,9.605590416110662858e-09
2.712152777777777519e+05,1.108725206161586430e+00,4.859574695172765857e-01,-2.682458523472498746e-02,-1.161224149982285326e+03,-5.089679086681643412e+02,2.809474882929752937e+01,9.605590405691219584e-09
2.724826388888888760e+05,1.113710514002202334e+00,4.881831720698004418e-01,-2.694536892618333221e-02,-1.166445515770171824e+03,-5.112989998531620017e+02,2.822125171627617846e+01,9.605590395460128644e-09
2.737500000000000000e+05,1.118695568031384369e+00,4.904087633667788548e-01,-2.706614647686932454e-02,-1.171666615728468742e+03,-5.136299745145831821e+02,2.834774817171244621e+01,9.605590385413141639e-09
2.750173611111111240e+05,1.123680370516157101e+00,4.926342443928426462e-01,-2.718691794159408537e-02,-1.176887452231544785e+03,-5.159608336836819262e+02,2.847423825301279976e+01,9.605590375546127628e-09
2.762847222222221899e+05,1.128664923693193156e+00,4.948596161195619736e-01,-2.730768337443547494e-02,-1.182108027621982956e+03,-5.182915783780329093e+02,2.860072201681571613e+01,9.605590365855066514e-09
2.775520833333333139e+05,1.133649229769360112e+00,4.970848795056757030e-01,-2.742844282875112408e-02,-1.187328344211146032e+03,-5.206222096017718286e+02,2.872719951900535307e+01,9.605590356336047387e-09
2.788194444444444380e+05,1.138633290922244745e+00,4.993100354973174504e-01,-2.754919635719121906e-02,-1.192548404279731358e+03,-5.229527283458327247e+02,2.885367081472493211e+01,9.605590346985258599e-09
2.800868055555555620e+05,1.143617109300670620e+00,5.015350850282365158e-01,-2.766994401171099169e-02,-1.197768210078311313e+03,-5.252831355881778563e+02,2.898013595838979484e+01,9.605590337798994380e-09
2.813541666666666861e+05,1.148600687025206124e+00,5.037600290200119346e-01,-2.779068584358292821e-02,-1.202987763827863546e+03,-5.276134322940249604e+02,2.910659500370021036e+01,9.605590328773639951e-09
2.826215277777777519e+05,1.153584026188654743e+00,5.059848683822667503e-01,-2.791142190340868343e-02,-1.208207067720288933e+03,-5.299436194160672358e+02,2.923304800365387379e+01,9.605590319905684758e-09
2.838888888888888760e+05,1.158567128856544226e+00,5.082096040128714076e-01,-2.803215224113081439e-02,-1.213426123918918165e+03,-5.322736978946903719e+02,2.935949501055814537e+01,9.605590311191705928e-09
2.851562500000000000e+05,1.163549997067594655e+00,5.104342367981473672e-01,-2.815287690604415666e-02,-1.218644934559007424e+03,-5.346036686581840058e+02,2.948593607604201949e+01,9.605590302628364958e-09
2.864236111111111240e+05,1.168532632834186291e+00,5.126587676130651694e-01,-2.827359594680704108e-02,-1.223863501748223371e+03,-5.369335326229486327e+02,2.961237125106782031e+01,9.605590294212419302e-09
2.876909722222221899e+05,1.173515038142808109e+00,5.148831973214365032e-01,-2.839430941145221557e-02,-1.229081827567117443e+03,-5.392632906936987638e+02,2.973880058594268050e+01,9.605590285940705821e-09
2.889583333333333139e+05,1.178497214954504546e+00,5.171075267761053862e-01,-2.851501734739753796e-02,-1.234299914069590614e+03,-5.415929437636605144e+02,2.986522413032974654e+01,9.605590277810139131e-09
2.902256944444444380e+05,1.183479165205307160e+00,5.193317568191322398e-01,-2.863571980145649884e-02,-1.239517763283347222e+03,-5.439224927147668041e+02,2.999164193325914951e+01,9.605590269817716566e-09
2.914930555555555620e+05,1.188460890806660730e+00,5.215558882819755215e-01,-2.875641681984843212e-02,-1.244735377210340175e+03,-5.462519384178465316e+02,3.011805404313874135e+01,9.605590261960511561e-09
2.927604166666666861e+05,1.193442393645838262e+00,5.237799219856704713e-01,-2.887710844820857992e-02,-1.249952757827206369e+03,-5.485812817328110214e+02,3.024446050776462158e+01,9.605590254235665381e-09
2.940277777777777519e+05,1.198423675586348214e+00,5.260038587410023059e-01,-2.899779473159788332e-02,-1.255169907085692330e+03,-5.509105235088367181e+02,3.037086137433141175e+01,9.605590246640403661e-09
2.952951388888888760e+05,1.203404738468331736e+00,5.282276993486751948e-01,-2.911847571451265868e-02,-1.260386826913071673e+03,-5.532396645845424246e+02,3.049725668944234513e+01,9.605590239172011594e-09
2.965625000000000000e+05,1.208385584108954358e+00,5.304514445994825689e-01,-2.923915144089395471e-02,-1.265603519212553692e+03,-5.555687057881655164e+02,3.062364649911912551e+01,9.605590231827852130e-09
2.978298611111111240e+05,1.213366214302785906e+00,5.326750952744665479e-01,-2.935982195413680898e-02,-1.270819985863683314e+03,-5.578976479377314490e+02,3.075003084881157989e+01,9.605590224605339501e-09
2.990972222222221899e+05,1.218346630822177534e+00,5.348986521450809217e-01,-2.948048729709928928e-02,-1.276036228722732631e+03,-5.602264918412228099e+02,3.087640978340713005e+01,9.605590217501962386e-09
3.003645833333333139e+05,1.223326835417624991e+00,5.371221159733468031e-01,-2.960114751211132683e-02,-1.281252249623084708e+03,-5.625552382967423455e+02,3.100278334724004736e+01,9.605590210515277295e-09
3.016319444444444380e+05,1.228306829818127666e+00,5.393454875120047287e-01,-2.972180264098334829e-02,-1.286468050375608982e+03,-5.648838880926747379e+02,3.112915158410053706e+01,9.605590203642888713e-09
3.028993055555555620e+05,1.233286615731541636e+00,5.415687675046685357e-01,-2.984245272501483137e-02,-1.291683632769029600e+03,-5.672124420078431513e+02,3.125551453724361650e+01,9.605590196882462335e-09
3.041666666666666861e+05,1.238266194844923174e+00,5.437919566859688025e-01,-2.996309780500254830e-02,-1.296898998570285812e+03,-5.695409008116641871e+02,3.138187224939781927e+01,9.605590190231720106e-09
3.054340277777777519e+05,1.243245568824865144e+00,5.460150557817002870e-01,-3.008373792124874671e-02,-1.302114149524885079e+03,-5.718692652642994290e+02,3.150822476277374662e+01,9.605590183688450145e-09
3.067013888888888760e+05,1.248224739317827847e+00,5.482380655089622579e-01,-3.020437311356913637e-02,-1.307329087357249136e+03,-5.741975361168027803e+02,3.163457211907240207e+01,9.605590177250480277e-09
3.079687500000000000e+05,1.253203707950464096e+00,5.504609865762961629e-01,-3.032500342130069887e-02,-1.312543813771053465e+03,-5.765257141112666659e+02,3.176091435949339115e+01,9.605590170915701190e-09
3.092361111111111240e+05,1.258182476329934296e+00,5.526838196838241846e-01,-3.044562888330932041e-02,-1.317758330449558798e+03,-5.788537999809634584e+02,3.188725152474295399e+01,9.605590164682048241e-09
3.105034722222221899e+05,1.263161046044218860e+00,5.549065655233795802e-01,-3.056624953799736560e-02,-1.322972639055937634e+03,-5.811817944504859952e+02,3.201358365504180625e+01,9.605590158547503111e-09
3.117708333333333139e+05,1.268139418662421969e+00,5.571292247786392426e-01,-3.068686542331098069e-02,-1.328186741233592784e+03,-5.835096982358836613e+02,3.213991079013288044e+01,9.605590152510107034e-09
3.130381944444444380e+05,1.273117595735071994e+00,5.593517981252513760e-01,-3.080747657674732035e-02,-1.333400638606470466e+03,-5.858375120447965401e+02,3.226623296928887186e+01,9.605590146567940953e-09
3.143055555555555620e+05,1.278095578794411491e+00,5.615742862309598404e-01,-3.092808303536165315e-02,-1.338614332779366805e+03,-5.881652365765875174e+02,3.239255023131961764e+01,9.605590140719127167e-09
3.155729166666666861e+05,1.283073369354687188e+00,5.637966897557293855e-01,-3.104868483577426230e-02,-1.343827825338228649e+03,-5.904928725224702930e+02,3.251886261457939753e+01,9.605590134961834298e-09
3.168402777777777519e+05,1.288050968912429539e+00,5.660190093518642218e-01,-3.116928201417723879e-02,-1.349041117850448245e+03,-5.928204205656365957e+02,3.264517015697403934e+01,9.605590129294283909e-09
3.181076388888888760e+05,1.293028378946728729e+00,5.682412456641272591e-01,-3.128987460634118090e-02,-1.354254211865152229e+03,-5.951478813813794204e+02,3.277147289596788937e+01,9.605590123714727338e-09
3.193750000000000000e+05,1.298005600919506008e+00,5.704633993298569017e-01,-3.141046264762168555e-02,-1.359467108913484708e+03,-5.974752556372154686e+02,3.289777086859066912e+01,9.605590118221457286e-09
3.206423611111111240e+05,1.302982636275779704e+00,5.726854709790798470e-01,-3.153104617296579454e-02,-1.364679810508886248e+03,-5.998025439930034963e+02,3.302406411144418286e+01,9.605590112812816083e-09
3.219097222222221899e+05,1.307959486443922570e+00,5.749074612346225521e-01,-3.165162521691826381e-02,-1.369892318147364904e+03,-6.021297471010615254e+02,3.315035266070891140e+01,9.605590107487170873e-09
3.231770833333333139e+05,1.312936152835920467e+00,5.771293707122220340e-01,-3.177219981362772866e-02,-1.375104633307764516e+03,-6.044568656062822356e+02,3.327663655215044969e+01,9.605590102242933471e-09
3.244444444444444380e+05,1.317912636847620611e+00,5.793512000206326729e-01,-3.189276999685276837e-02,-1.380316757452026422e+03,-6.067839001462443775e+02,3.340291582112587321e+01,9.605590097078553739e-09
3.257118055555555620e+05,1.322888939858976265e+00,5.815729497617310173e-01,-3.201333579996779727e-02,-1.385528692025447072e+03,-6.091108513513244134e+02,3.352919050258989131e+01,9.605590091992511320e-09
3.269791666666666861e+05,1.327865063234292542e+00,5.837946205306201453e-01,-3.213389725596893509e-02,-1.390740438456929951e+03,-6.114377198448037234e+02,3.365546063110101471e+01,9.605590086983330523e-09
3.282465277777777519e+05,1.332841008322454446e+00,5.860162129157309163e-01,-3.225445439747966908e-02,-1.395951998159233199e+03,-6.137645062429758127e+02,3.378172624082748143e+01,9.605590082049553857e-09
3.295138888888888760e+05,1.337816776457167567e+00,5.882377274989210036e-01,-3.237500725675650226e-02,-1.401163372529213120e+03,-6.160912111552498800e+02,3.390798736555316140e+01,9.605590077189770151e-09
3.307812500000000000e+05,1.342792368957179461e+00,5.904591648555737038e-01,-3.249555586569441434e-02,-1.406374562948061339e+03,-6.184178351842539314e+02,3.403424403868328341e+01,9.605590072402593050e-09
3.320486111111111240e+05,1.347767787126506134e+00,5.926805255546931939e-01,-3.261610025583226019e-02,-1.411585570781539673e+03,-6.207443789259347113e+02,3.416049629325009818e+01,9.605590067686672597e-09
3.333159722222221899e+05,1.352743032254649647e+00,5.949018101589982344e-01,-3.273664045835808500e-02,-1.416796397380209100e+03,-6.230708429696564963e+02,3.428674416191842766e+01,9.605590063040683646e-09
3.345833333333333139e+05,1.357718105616814164e+00,5.971230192250158719e-01,-3.285717650411433544e-02,-1.422007044079655316e+03,-6.253972278982980697e+02,3.441298767699110073e+01,9.605590058463330834e-09
3.358506944444444380e+05,1.362693008474115786e+00,5.993441533031711455e-01,-3.297770842360286253e-02,-1.427217512200709507e+03,-6.277235342883473095e+02,3.453922687041428929e+01,9.605590053953350228e-09
3.371180555555555620e+05,1.367667742073790160e+00,6.015652129378763480e-01,-3.309823624699004957e-02,-1.432427803049665499e+03,-6.300497627099952069e+02,3.466546177378277349e+01,9.605590049509507676e-09
3.383854166666666861e+05,1.372642307649397875e+00,6.037861986676187342e-01,-3.321876000411166235e-02,-1.437637917918493031e+03,-6.323759137272265889e+02,3.479169241834504334e+01,9.605590045130593838e-09
3.396527777777777519e+05,1.377616706421021409e+00,6.060071110250462301e-01,-3.333927972447766480e-02,-1.442847858085046482e+03,-6.347019878979107261e+02,3.491791883500840044e+01,9.605590040815419230e-09
3.409201388888888760e+05,1.382590939595462309e+00,6.082279505370515871e-01,-3.345979543727701372e-02,-1.448057624813270422e+03,-6.370279857738893270e+02,3.504414105434390336e+01,9.605590036562834070e-09
3.421875000000000000e+05,1.387565008366433927e+00,6.104487177248560936e-01,-3.358030717138222460e-02,-1.453267219353401060e+03,-6.393539079010631667e+02,3.517035910659121356e+01,9.605590032371695195e-09
3.434548611111111240e+05,1.392538913914749266e+00,6.126694131040890667e-01,-3.370081495535400679e-02,-1.458476642942164744e+03,-6.416797548194776937e+02,3.529657302166341282e+01,9.605590028240905763e-09
3.447222222222221899e+05,1.397512657408508829e+00,6.148900371848693425e-01,-3.382131881744573215e-02,-1.463685896802971456e+03,-6.440055270634060207e+02,3.542278282915167864e+01,9.605590024169370586e-09
3.459895833333333139e+05,1.402486240003280926e+00,6.171105904718836577e-01,-3.394181878560782045e-02,-1.468894982146106486e+03,-6.463312251614319166e+02,3.554898855832990989e+01,9.605590020156037492e-09
3.472569444444444380e+05,1.407459662842280412e+00,6.193310734644619231e-01,-3.406231488749205533e-02,-1.474103900168917335e+03,-6.486568496365292731e+02,3.567519023815923163e+01,9.605590016199867542e-09
3.485243055555555620e+05,1.412432927056546550e+00,6.215514866566549390e-01,-3.418280715045588641e-02,-1.479312652055998342e+03,-6.509824010061427089e+02,3.580138789729247861e+01,9.605590012299841648e-09
3.497916666666666861e+05,1.417406033765113982e+00,6.237718305373083361e-01,-3.430329560156655105e-02,-1.484521238979371446e+03,-6.533078797822643082e+02,3.592758156407855097e+01,9.605590008454967195e-09
3.510590277777777519e+05,1.422378984075183261e+00,6.259921055901340736e-01,-3.442378026760518905e-02,-1.489729662098663539e+03,-6.556332864715111555e+02,3.605377126656667741e+01,9.605590004664273071e-09
3.523263888888888760e+05,1.427351779082285610e+00,6.282123122937843807e-01,-3.454426117507088806e-02,-1.494937922561281084e+03,-6.579586215751993450e+02,3.617995703251069273e+01,9.605590000926804712e-09
3.535937500000000000e+05,1.432324419870450338e+00,6.304324511219210336e-01,-3.466473835018456934e-02,-1.500146021502582016e+03,-6.602838855894186736e+02,3.630613888937313050e+01,9.605589997241629056e-09
3.548611111111111240e+05,1.437296907512362054e+00,6.326525225432839683e-01,-3.478521181889297764e-02,-1.505353960046043767e+03,-6.626090790051050590e+02,3.643231686432930871e+01,9.605589993607837860e-09
3.561284722222221899e+05,1.442269243069520979e+00,6.348725270217616679e-01,-3.490568160687243515e-02,-1.510561739303429249e+03,-6.649342023081113666e+02,3.655849098427134436e+01,9.605589990024526188e-09
3.573958333333333139e+05,1.447241427592397267e+00,6.370924650164551117e-01,-3.502614773953259542e-02,-1.515769360374948747e+03,-6.672592559792783504e+02,3.668466127581206138e+01,9.605589986490830463e-09
3.586631944444444380e+05,1.452213462120582887e+00,6.393123369817459434e-01,-3.514661024202015566e-02,-1.520976824349420440e+03,-6.695842404945022963e+02,3.681082776528886313e+01,9.605589983005888764e-09
3.599305555555555620e+05,1.457185347682943721e+00,6.415321433673597529e-01,-3.526706913922245112e-02,-1.526184132304427294e+03,-6.719091563248041439e+02,3.693699047876753383e+01,9.605589979568862329e-09
3.611979166666666861e+05,1.462157085297765668e+00,6.437518846184302479e-01,-3.538752445577106331e-02,-1.531391285306471218e+03,-6.742340039363948563e+02,3.706314944204595463e+01,9.605589976178925632e-09
3.624652777777777519e+05,1.467128675972897867e+00,6.459715611755616482e-01,-3.550797621604524779e-02,-1.536598284411125178e+03,-6.765587837907411313e+02,3.718930468065779138e+01,9.605589972835279616e-09
3.637326388888888760e+05,1.472100120705899240e+00,6.481911734748895260e-01,-3.562842444417545218e-02,-1.541805130663182126e+03,-6.788834963446302027e+02,3.731545621987605443e+01,9.605589969537131843e-09
3.650000000000000000e+05,1.477071420484175279e+00,6.504107219481412017e-01,-3.574886916404665382e-02,-1.547011825096801431e+03,-6.812081420502322544e+02,3.744160408471670110e+01,9.605589966283713034e-09
