# N, dt, tmax
# 2, 948.0519480519481, 365000
# t, xSun, ySun, zSun, xJup, yJup, zJup, E
0.000000000000000000e+00,-2.538538502120102781e-03,-4.054773079123795421e-03,7.363862678302768978e-05,2.658740144031779717e+00,4.246769529554976330e+00,-7.712546924771697399e-02,-2.712978880124756464e-08
9.505208333333333712e+02,6.007873247154451798e-03,-3.723556312014326963e-03,-1.189499178011663952e-04,-6.292350409152224877e+00,3.899869407947640365e+00,1.245822828068647581e-01,-1.142203709961686803e-08
1.901041666666666742e+03,1.062465368513633608e-02,-9.568348544583167581e-04,-2.337356689112230672e-04,-1.112773875421436820e+01,1.002141679802172947e+00,2.448032226052043736e-01,-1.287829373062947790e-08
2.851562500000000000e+03,1.322057008216299262e-02,1.991881537503181754e-03,-3.040636878081242906e-04,-1.384657367815225726e+01,-2.086198575082671702e+00,3.184613242787673326e-01,-1.314421407176767936e-08
3.802083333333333485e+03,1.453921896245038460e-02,4.748157999171661453e-03,-3.450154643006793408e-04,-1.522766154070569122e+01,-4.972986729198736633e+00,3.613521971330652116e-01,-1.321581114529446484e-08
4.752604166666666970e+03,1.491963321467960901e-02,7.198029676248912656e-03,-3.637029460839738939e-04,-1.562608868408718976e+01,-7.538861609619826432e+00,3.809245447522217609e-01,-1.324077909910715446e-08
5.703125000000000000e+03,1.454218097663612097e-02,9.282265991576776898e-03,-3.639155584596678612e-04,-1.523076380841454380e+01,-9.721788028337938314e+00,3.811472244783333241e-01,-1.324997712959354166e-08
6.653645833333333940e+03,1.351076423794804471e-02,1.094907713156234585e-02,-3.477628225532002982e-04,-1.415050873799269482e+01,-1.146752388646963894e+01,3.642296447943530469e-01,-1.325154865139848882e-08
7.604166666666666970e+03,1.188609627645479533e-02,1.213511950950828255e-02,-3.163399867402897454e-04,-1.244891156846510505e+01,-1.270972623247864774e+01,3.313189148821099606e-01,-1.324669189647267571e-08
8.554687500000000000e+03,9.701354997984149020e-03,1.274935458608895261e-02,-2.700111984981376457e-04,-1.016072120359885389e+01,-1.335304578607751935e+01,2.827964248663450419e-01,-1.323151748452713899e-08
9.505208333333333940e+03,6.971677499135187084e-03,1.264744381481126140e-02,-2.085155720153511472e-04,-7.301791492511637394e+00,-1.324630946575819301e+01,2.183889358030050298e-01,-1.319055004689304192e-08
1.045572916666666788e+04,3.707325046713956518e-03,1.157556972619267627e-02,-1.310283776781663492e-04,-3.882869580445914792e+00,-1.212368136050092460e+01,1.372326665320818262e-01,-1.306017678368657980e-08
1.140625000000000000e+04,-3.399384059445120787e-05,9.014439056475594125e-03,-3.668370864353103639e-05,3.560347363760849038e-02,-9.441279293326902078e+00,3.842070889256381239e-02,-1.247294821553287558e-08
1.235677083333333394e+04,-3.764589993236519549e-03,3.609868620078567070e-03,6.923216468821338787e-05,3.942846063780017563e+00,-3.780798521223058373e+00,-7.251035797213346845e-02,-1.078544408596412598e-08
1.330729166666666788e+04,-1.365866342651136933e-03,-7.672111908745164743e-03,6.242764116235768011e-05,1.430541106055926992e+00,8.035391980168586912e+00,-6.538363531494639780e-02,2.142777017115458538e-08
1.425781250000000000e+04,1.699719836098137482e-03,-1.520830576426124292e-02,2.514381427213847192e-05,-1.780202804908027847e+00,1.592843008856528364e+01,-2.633439214082505114e-02,1.665573529284313115e-08
1.520833333333333394e+04,4.655711732612963227e-03,-2.176390074763472765e-02,-1.376123172682364865e-05,-4.876163064771270150e+00,2.279443725597746351e+01,1.441283604439056246e-02,1.619770044321585024e-08
1.615885416666666788e+04,7.514121958166641857e-03,-2.786333394016750342e-02,-5.237784835912615705e-05,-7.869921090676106346e+00,2.918268304042512540e+01,5.485797752293816720e-02,1.608907465304926317e-08
1.710937500000000000e+04,1.030029096245950460e-02,-3.369488736132553175e-02,-9.049090120133549027e-05,-1.078801722102190297e+01,3.529036475175226428e+01,9.477571110017427025e-02,1.605054874378766202e-08
1.805989583333333576e+04,1.303204763424939405e-02,-3.934844411991968161e-02,-1.281259266729967844e-04,-1.364912455539897174e+01,4.121162152925740685e+01,1.341927823636578365e-01,1.603342371377027064e-08
1.901041666666666788e+04,1.572152164969084498e-02,-4.487433431472721834e-02,-1.653452458275175320e-04,-1.646594711893802909e+01,4.699916663845161935e+01,1.731744633139407907e-01,1.602462729996954143e-08
1.996093750000000000e+04,1.837720364144949936e-02,-5.030377108716881790e-02,-2.022091699644731205e-04,-1.924737758192848602e+01,5.268569118567310028e+01,2.117839210344401313e-01,1.601963090777312241e-08
2.091145833333333576e+04,2.100524171898141002e-02,-5.565753839648934775e-02,-2.387689208953511742e-04,-2.199985517127475632e+01,5.829296326573313536e+01,2.500748027266218032e-01,1.601657491191543969e-08
2.186197916666666788e+04,2.361022606656289213e-02,-6.095022029307977512e-02,-2.750666175115718502e-04,-2.472818741981262747e+01,6.383625749440167851e+01,2.880912216420071226e-01,1.601459656422723960e-08
2.281250000000000000e+04,2.619567482569261363e-02,-6.619247071915682068e-02,-3.111367183300491404e-04,-2.743605905559610747e+01,6.932673228579774616e+01,3.258692679333142217e-01,1.601325700057762193e-08
2.376302083333333576e+04,2.876434528760918319e-02,-7.139232494989292133e-02,-3.470075364666027826e-04,-3.012635792960668724e+01,7.477280339120949293e+01,3.634385953629620247e-01,1.601231629946097400e-08
2.471354166666666788e+04,3.131843994595215341e-02,-7.655600243143738382e-02,-3.827025149085788377e-04,-3.280139082515752591e+01,8.018098475207887077e+01,4.008237569607753237e-01,1.601163546909324277e-08
2.566406250000000000e+04,3.385974712767608752e-02,-8.168842171197215896e-02,-4.182412339880227196e-04,-3.546303074778335684e+01,8.555642781341673242e+01,4.380452602017438357e-01,1.601113005499212053e-08
2.661458333333333576e+04,3.638973959056213126e-02,-8.679354363790789395e-02,-4.536401917765420753e-04,-3.811282019141606980e+01,9.090328097058818457e+01,4.751203843531477400e-01,1.601074664962825482e-08
2.756510416666666788e+04,3.890964531176874242e-02,-9.187460757211371454e-02,-4.889134066638650168e-04,-4.075204527882439010e+01,9.622493697264710022e+01,5.120638115856522843e-01,1.601045031280263040e-08
2.851562500000000000e+04,4.142049938797237596e-02,-9.693429849389899322e-02,-5.240728844415625150e-04,-4.338179011926431627e+01,1.015242079346233055e+02,5.488881161737791947e-01,1.601021750830832179e-08
2.946614583333333576e+04,4.392318280107634920e-02,-1.019748680263360407e-01,-5.591289829012485550e-04,-4.600297740977215000e+01,1.068034520955770716e+02,5.856041463580980988e-01,1.601003197374524703e-08
3.041666666666666788e+04,4.641845185675461116e-02,-1.069982239127717366e-01,-5.940906988079878472e-04,-4.861639926764482311e+01,1.120646675318884320e+02,6.222213249070346341e-01,1.600988221903955159e-08
3.136718750000000000e+04,4.890696087361787181e-02,-1.120059973720076707e-01,-6.289658957546384252e-04,-5.122274099395455238e+01,1.173095627017539897e+02,6.587478877602804817e-01,1.600975996405582471e-08
3.231770833333333576e+04,5.138927990495226195e-02,-1.169995946180728413e-01,-6.637614866549651493e-04,-5.382259963442460560e+01,1.225396104044584149e+02,6.951910751630880902e-01,1.600965913587859308e-08
3.326822916666667152e+04,5.386590874818372732e-02,-1.219802368333888498e-01,-6.984835811427794749e-04,-5.641649865225201665e+01,1.277560896462979656e+02,7.315572860448683601e-01,1.600957520954093876e-08
3.421875000000000000e+04,5.633728814134386642e-02,-1.269489915826279847e-01,-7.331376055883355794e-04,-5.900489965473439469e+01,1.329601185419076330e+02,7.678522037184464244e-01,1.600950476508201642e-08
3.516927083333333576e+04,5.880380880089924878e-02,-1.319067977869187169e-01,-7.677284015676533353e-04,-6.158821185904677975e+01,1.381526804710132126e+02,8.040808990119854283e-01,1.600944518409113729e-08
3.611979166666667152e+04,6.126581878387665769e-02,-1.368544857877223575e-01,-8.022603072371449658e-04,-6.416679980296888175e+01,1.433346450923474151e+02,8.402479154967538166e-01,1.600939443811053150e-08
3.707031250000000000e+04,6.372362953534793650e-02,-1.417927936205974904e-01,-8.367372250386037949e-04,-6.674098967872299681e+01,1.485067853879884581e+02,8.763573403979973975e-01,1.600935093870140087e-08
3.802083333333333576e+04,6.617752089445855246e-02,-1.467223803307720065e-01,-8.711626783909787869e-04,-6.931107457604140620e+01,1.536697916094345260e+02,9.124128639711123201e-01,1.600931342963273820e-08
3.897135416666667152e+04,6.862774526797382757e-02,-1.516438369561695920e-01,-9.055398594456035705e-04,-7.187731885333300852e+01,1.588242827806843138e+02,9.484178295181179275e-01,1.600928090830750707e-08
3.992187500000000000e+04,7.107453113283118684e-02,-1.565576956538740350e-01,-9.398716695407931428e-04,-7.443996180608425561e+01,1.639708162568460637e+02,9.843752757578031476e-01,1.600925256778307777e-08
4.087239583333333576e+04,7.351808599367276598e-02,-1.614644373360274443e-01,-9.741607536539716519e-04,-7.699922076443277774e+01,1.691098957216010206e+02,1.020287972909196039e+00,1.600922775349485489e-08
4.182291666666667152e+04,7.595859889449002589e-02,-1.663644980993689848e-01,-1.008409529888757046e-03,-7.955529372374033414e+01,1.742419779211857929e+02,1.056158453574877143e+00,1.600920593060987059e-08
4.277343750000000000e+04,7.839624256303029393e-02,-1.712582746711293347e-01,-1.042620214831527746e-03,-8.210836159053854999e+01,1.793674783681535416e+02,1.091989039298199016e+00,1.600918665915509148e-08
4.372395833333333576e+04,8.083117525084107524e-02,-1.761461290472943197e-01,-1.076794845453093660e-03,-8.465859010970063991e+01,1.844867761992630051e+02,1.127781863502019588e+00,1.600916957489377048e-08
4.467447916666667152e+04,8.326354231957730501e-02,-1.810283924634468189e-01,-1.110935298105747079e-03,-8.720613152586150818e+01,1.896002183343424292e+02,1.163538891385275331e+00,1.600915437449478334e-08
4.562500000000000000e+04,8.569347761460713309e-02,-1.859053688107015767e-01,-1.145043305066418410e-03,-8.975112602206465340e+01,1.947081230539716614e+02,1.199261937249466392e+00,1.600914080393818688e-08
4.657552083333333576e+04,8.812110465938768900e-02,-1.907773375876506972e-01,-1.179120468997166271e-03,-9.229370297069269213e+01,1.998107830912040299e+02,1.234952679643864792e+00,1.600912864938236088e-08
4.752604166666667152e+04,9.054653769807591290e-02,-1.956445564622629196e-01,-1.213168275630332506e-03,-9.483398202544630351e+01,2.049084683147738417e+02,1.270612674651318885e+00,1.600911772991881248e-08
4.847656250000000000e+04,9.296988260903488177e-02,-2.005072635042440266e-01,-1.247188104934041260e-03,-9.737207407810603854e+01,2.100014280671603331e+02,1.306243367582442971e+00,1.600910789178603458e-08
4.942708333333333576e+04,9.539123770803401015e-02,-2.053656791376555213e-01,-1.281181240971740118e-03,-9.990808209976441390e+01,2.150898932096644671e+02,1.341846103302024584e+00,1.600909900371932473e-08
5.037760416666667152e+04,9.781069445681264685e-02,-2.102200078549973650e-01,-1.315148880635244773e-03,-1.024421018829404062e+02,2.201740779176545004e+02,1.377422135375574896e+00,1.600909095319131210e-08
5.132812500000000000e+04,1.002283380901315968e-01,-2.150704397270270796e-01,-1.349092141402552514e-03,-1.049742226983227908e+02,2.252541812618765107e+02,1.412972634194485266e+00,1.600908364335525713e-08
5.227864583333333576e+04,1.026442481723572608e-01,-2.199171517369594986e-01,-1.383012068248522589e-03,-1.075045278777084263e+02,2.303303886058290288e+02,1.448498694213934623e+00,1.600907699054660873e-08
5.322916666666667152e+04,1.050584990929070150e-01,-2.247603089630972328e-01,-1.416909639817292947e-03,-1.100330953329077630e+02,2.354028728443922205e+02,1.484001340417571368e+00,1.600907092223035560e-08
5.417968750000000000e+04,1.074711605084740229e-01,-2.296000656301738774e-01,-1.450785773949281841e-03,-1.125599980189088427e+02,2.404717955049528086e+02,1.519481534106223997e+00,1.600906537530650370e-08
5.513020833333333576e+04,1.098822977387716171e-01,-2.344365660465856371e-01,-1.484641332642286198e-03,-1.150853043483610350e+02,2.455373077290143726e+02,1.554940178093912273e+00,1.600906029470478906e-08
5.608072916666667152e+04,1.122919721215626943e-01,-2.392699454421126914e-01,-1.518477126514966753e-03,-1.176090785634146556e+02,2.505995511495854373e+02,1.590378121382677312e+00,1.600905563221413451e-08
5.703125000000000000e+04,1.147002413319156422e-01,-2.441003307185923288e-01,-1.552293918831562647e-03,-1.201313810700946192e+02,2.556586586773974830e+02,1.625796163377876358e+00,1.600905134550353911e-08
5.798177083333333576e+04,1.171071596699448381e-01,-2.489278411242159539e-01,-1.586092429138732246e-03,-1.226522687396651321e+02,2.607147552071303380e+02,1.661195057697223865e+00,1.600904739729986726e-08
5.893229166666667152e+04,1.195127783207085848e-01,-2.537525888606224078e-01,-1.619873336558616018e-03,-1.251717951808340956e+02,2.657679582532518907e+02,1.696575515619786145e+00,1.600904375469472428e-08
5.988281250000000000e+04,1.219171455894478284e-01,-2.585746796306958029e-01,-1.653637282776494397e-03,-1.276900109861308152e+02,2.708183785237548022e+02,1.731938209215109437e+00,1.600904038855802179e-08
6.083333333333333576e+04,1.243203071149316941e-01,-2.633942131339100379e-01,-1.687384874756493042e-03,-1.302069639553532454e+02,2.758661204389552495e+02,1.767283774187510703e+00,1.600903727304011085e-08
6.178385416666667152e+04,1.267223060633174136e-01,-2.682112835151527763e-01,-1.721116687214573407e-03,-1.327226992986074947e+02,2.809112826015697237e+02,1.802612812466168668e+00,1.600903438514760053e-08
6.273437500000000000e+04,1.291231833046304067e-01,-2.730259797721937276e-01,-1.754833264874446942e-03,-1.352372598211443346e+02,2.859539582234771160e+02,1.837925894567859375e+00,1.600903170438093361e-08
6.368489583333333576e+04,1.315229775737067897e-01,-2.778383861263034049e-01,-1.788535124528947001e-03,-1.377506860919226028e+02,2.909942355138862240e+02,1.873223561755932964e+00,1.600902921242361487e-08
6.463541666666667152e+04,1.339217256172180459e-01,-2.826485823599617642e-01,-1.822222756926689807e-03,-1.402630165975953105e+02,2.960321980330353426e+02,1.908506328016307263e+00,1.600902689287507145e-08
6.558593750000000000e+04,1.363194623282010243e-01,-2.874566441251156235e-01,-1.855896628501539115e-03,-1.427742878834099827e+02,3.010679250150458302e+02,1.943774681868829290e+00,1.600902473102025323e-08
6.653645833333334303e+04,1.387162208693515919e-01,-2.922626432250226558e-01,-1.889557182960380395e-03,-1.452845346823401940e+02,3.061014916631119149e+02,1.979029088030226813e+00,1.600902271363047759e-08
6.748697916666667152e+04,1.411120327861926094e-01,-2.970666478723621995e-01,-1.923204842742933136e-03,-1.477937900336121970e+02,3.111329694198328752e+02,2.014269988943049761e+00,1.600902082879072065e-08
6.843750000000000000e+04,1.435069281111011619e-01,-3.018687229259778837e-01,-1.956840010365830211e-03,-1.503020853916580393e+02,3.161624262151655103e+02,2.049497806183381954e+00,1.600901906574958329e-08
6.938802083333334303e+04,1.459009354590705132e-01,-3.066689301083474484e-01,-1.990463069661792435e-03,-1.528094507264115975e+02,3.211899266941918540e+02,2.084712941758704030e+00,1.600901741478847416e-08
7.033854166666667152e+04,1.482940821159837719e-01,-3.114673282056382164e-01,-2.024074386923639668e-03,-1.553159146157624093e+02,3.262155324266469165e+02,2.119915779306067005e+00,1.600901586710745549e-08
7.128906250000000000e+04,1.506863941200944912e-01,-3.162639732520001190e-01,-2.057674311961767838e-03,-1.578215043308941858e+02,3.312393020999383566e+02,2.155106685199643657e+00,1.600901441472523690e-08
7.223958333333334303e+04,1.530778963373329304e-01,-3.210589186995680966e-01,-2.091263179082856506e-03,-1.603262459151571591e+02,3.362612916971984873e+02,2.190286009575777015e+00,1.600901305039151416e-08
7.319010416666667152e+04,1.554686125309937550e-01,-3.258522155754877137e-01,-2.124841307996762352e-03,-1.628301642570552019e+02,3.412815546617452469e+02,2.225454087282819682e+00,1.600901176750981965e-08
7.414062500000000000e+04,1.578585654263012783e-01,-3.306439126271373263e-01,-2.158409004657850516e-03,-1.653332831578685500e+02,3.463001420491807494e+02,2.260611238762294750e+00,1.600901056006962744e-08
7.509114583333334303e+04,1.602477767702999434e-01,-3.354340564565999050e-01,-2.191966562046366966e-03,-1.678356253943798322e+02,3.513171026682306319e+02,2.295757770867277170e+00,1.600900942258637273e-08
7.604166666666667152e+04,1.626362673874702236e-01,-3.402226916453282568e-01,-2.225514260894939818e-03,-1.703372127771239661e+02,3.563324832113116827e+02,2.330893977623289537e+00,1.600900835004840972e-08
7.699218750000000000e+04,1.650240572314337628e-01,-3.450098608698504710e-01,-2.259052370364771946e-03,-1.728380662045410929e+02,3.613463283757166664e+02,2.366020140936512028e+00,1.600900733786998475e-08
7.794270833333334303e+04,1.674111654330728283e-01,-3.497956050092820846e-01,-2.292581148675652651e-03,-1.753382057133744922e+02,3.663586809762168741e+02,2.401136531253627915e+00,1.600900638184955964e-08
7.889322916666667152e+04,1.697976103453590624e-01,-3.545799632453311423e-01,-2.326100843693534523e-03,-1.778376505256224789e+02,3.713695820498026592e+02,2.436243408177226843e+00,1.600900547813263485e-08
7.984375000000000000e+04,1.721834095851600410e-01,-3.593629731554193740e-01,-2.359611693479085962e-03,-1.803364190923240074e+02,3.763790709532142387e+02,2.471341021040319941e+00,1.600900462317872847e-08
8.079427083333334303e+04,1.745685800722641678e-01,-3.641446707994824283e-01,-2.393113926800257731e-03,-1.828345291344318468e+02,3.813871854538510320e+02,2.506429609443184603e+00,1.600900381373185909e-08
8.174479166666667152e+04,1.769531380658445618e-01,-3.689250908009566454e-01,-2.426607763611696340e-03,-1.853319976810027470e+02,3.863939618145944905e+02,2.541509403755481511e+00,1.600900304679416535e-08
8.269531250000000000e+04,1.793370991985613339e-01,-3.737042664224172750e-01,-2.460093415503547369e-03,-1.878288411049144599e+02,3.913994348730267916e+02,2.576580625586303075e+00,1.600900231960227505e-08
8.364583333333334303e+04,1.817204785084832186e-01,-3.784822296362852501e-01,-2.493571086121959372e-03,-1.903250751562994481e+02,3.964036381154863875e+02,2.611643488224591803e+00,1.600900162960620212e-08
8.459635416666667152e+04,1.841032904689959837e-01,-3.832590111909859321e-01,-2.527040971563411682e-03,-1.928207149938688474e+02,4.014066037463588259e+02,2.646698197052139268e+00,1.600900097445023874e-08
8.554687500000000000e+04,1.864855490168469965e-01,-3.880346406729069941e-01,-2.560503260744813325e-03,-1.953157752142847983e+02,4.064083627529686851e+02,2.681744949931203603e+00,1.600900035195594191e-08
8.649739583333334303e+04,1.888672675784633381e-01,-3.928091465644715785e-01,-2.593958135751113850e-03,-1.978102698797257517e+02,4.114089449664026006e+02,2.716783937568589824e+00,1.600899976010670154e-08
8.744791666666667152e+04,1.912484590946728069e-01,-3.975825562986173289e-01,-2.627405772162081862e-03,-2.003042125437768846e+02,4.164083791185678365e+02,2.751815343857897389e+00,1.600899919703385046e-08
8.839843750000000000e+04,1.936291360439389431e-01,-4.023548963099450315e-01,-2.660846339359720578e-03,-2.027976162757663872e+02,4.214066928957624327e+02,2.786839346201488876e+00,1.600899866100416072e-08
8.934895833333334303e+04,1.960093104642205986e-01,-4.071261920827781711e-01,-2.694280000817670870e-03,-2.052904936836588661e+02,4.264039129890114168e+02,2.821856115813604404e+00,1.600899815040846495e-08
9.029947916666667152e+04,1.983889939735483665e-01,-4.118964681963573349e-01,-2.727706914373892455e-03,-2.077828569356072421e+02,4.314000651414000345e+02,2.856865818005941637e+00,1.600899766375143567e-08
9.125000000000000000e+04,2.007681977894114622e-01,-4.166657483673693596e-01,-2.761127232487723890e-03,-2.102747177802568785e+02,4.363951741926176169e+02,2.891868612456900411e+00,1.600899719964225800e-08
9.220052083333334303e+04,2.031469327470339370e-01,-4.214340554900010138e-01,-2.794541102482429873e-03,-2.127660875658877444e+02,4.413892641209072849e+02,2.926864653465609312e+00,1.600899675678618585e-08
9.315104166666667152e+04,2.055252093166179961e-01,-4.262014116736872471e-01,-2.827948666774179540e-03,-2.152569772584736540e+02,4.463823580826016837e+02,2.961854090191748057e+00,1.600899633397690532e-08
9.410156250000000000e+04,2.079030376196221996e-01,-4.309678382787111017e-01,-2.861350063088380358e-03,-2.177473974587315411e+02,4.513744784494089117e+02,2.996837066882120038e+00,1.600899593008950704e-08
9.505208333333334303e+04,2.102804274441397725e-01,-4.357333559498027808e-01,-2.894745424664176003e-03,-2.202373584182279558e+02,4.563656468436020646e+02,3.031813723084841428e+00,1.600899554407418631e-08
9.600260416666667152e+04,2.126573882594360865e-01,-4.404979846478691008e-01,-2.928134880447902724e-03,-2.227268700546047739e+02,4.613558841712513754e+02,3.066784193851950224e+00,1.600899517495040323e-08
9.695312500000000000e+04,2.150339292296994387e-01,-4.452617436799794493e-01,-2.961518555276192871e-03,-2.252159419659814716e+02,4.663452106536300903e+02,3.101748609931181733e+00,1.600899482180162514e-08
9.790364583333334303e+04,2.174100592270570287e-01,-4.500246517277206593e-01,-2.994896570049390000e-03,-2.277045834445868309e+02,4.713336458569116303e+02,3.136707097947601497e+00,1.600899448377049257e-08
9.885416666666667152e+04,2.197857868439013762e-01,-4.547867268740267699e-01,-3.028269041895903513e-03,-2.301928034896693873e+02,4.763212087202701923e+02,3.171659780575731169e+00,1.600899416005439547e-08
9.980468750000000000e+04,2.221611204045717547e-01,-4.595479866285816506e-01,-3.061636084328030194e-03,-2.326806108197317826e+02,4.813079175824858567e+02,3.206606776702760619e+00,1.600899384990142007e-08
1.007552083333333430e+05,2.245360679764298317e-01,-4.643084479518846397e-01,-3.094997807389811631e-03,-2.351680138841313692e+02,4.862937902071498684e+02,3.241548201583396516e+00,1.600899355260667611e-08
1.017057291666666715e+05,2.269106373803686516e-01,-4.690681272780623523e-01,-3.128354317797378548e-03,-2.376550208740860342e+02,4.912788438065567789e+02,3.276484166986854962e+00,1.600899326750886249e-08
1.026562500000000000e+05,2.292848362007871010e-01,-4.738270405365057614e-01,-3.161705719072253895e-03,-2.401416397331215080e+02,4.962630950643657570e+02,3.311414781336476043e+00,1.600899299398716692e-08
1.036067708333333430e+05,2.316586717950643304e-01,-4.785852031724028843e-01,-3.195052111668024095e-03,-2.426278781669941225e+02,5.012465601571056482e+02,3.346340149842398137e+00,1.600899273145839067e-08
1.045572916666666715e+05,2.340321513025625522e-01,-4.833426301662357982e-01,-3.228393593090787828e-03,-2.451137436531200251e+02,5.062292547745952902e+02,3.381260374627706344e+00,1.600899247937432807e-08
1.055078125000000000e+05,2.364052816531867496e-01,-4.880993360523029900e-01,-3.261730258013732786e-03,-2.475992434495404950e+02,5.112111941393426378e+02,3.416175554848430274e+00,1.600899223721930147e-08
1.064583333333333430e+05,2.387780695755281624e-01,-4.928553349363253844e-01,-3.295062198386176922e-03,-2.500843846034501894e+02,5.161923930249849946e+02,3.451085786807757128e+00,1.600899200450797094e-08
1.074088541666666715e+05,2.411505216046132549e-01,-4.976106405121908383e-01,-3.328389503537417665e-03,-2.525691739593139005e+02,5.211728657738254924e+02,3.485991164064787373e+00,1.600899178078323976e-08
1.083593750000000000e+05,2.435226440892836464e-01,-5.023652660778856749e-01,-3.361712260275642392e-03,-2.550536181665954132e+02,5.261526263135199315e+02,3.520891777538141643e+00,1.600899156561435531e-08
1.093098958333333430e+05,2.458944431992258761e-01,-5.071192245506620511e-01,-3.395030552982226252e-03,-2.575377236871204900e+02,5.311316881729617307e+02,3.555787715604715515e+00,1.600899135859516526e-08
1.102604166666666715e+05,2.482659249316722105e-01,-5.118725284814836796e-01,-3.428344463701641157e-03,-2.600214968020948731e+02,5.361100644974115994e+02,3.590679064193845083e+00,1.600899115934247987e-08
1.112109375000000000e+05,2.506370951177900874e-01,-5.166251900687902632e-01,-3.461654072227227444e-03,-2.625049436187958918e+02,5.410877680629146198e+02,3.625565906877143529e+00,1.600899096749456312e-08
1.121614583333333430e+05,2.530079594287777400e-01,-5.213772211716215521e-01,-3.494959456183060684e-03,-2.649880700769569444e+02,5.460648112900446449e+02,3.660448324954243216e+00,1.600899078270976625e-08
1.131119791666666715e+05,2.553785233816809330e-01,-5.261286333221334433e-01,-3.528260691102125257e-03,-2.674708819548601468e+02,5.510412062570130729e+02,3.695326397534667073e+00,1.600899060466521422e-08
1.140625000000000000e+05,2.577487923449488516e-01,-5.308794377375404272e-01,-3.561557850500973385e-03,-2.699533848751545975e+02,5.560169647121780372e+02,3.730200201616034050e+00,1.600899043305561118e-08
1.150130208333333430e+05,2.601187715437396353e-01,-5.356296453315181338e-01,-3.594851005951098591e-03,-2.724355843104135033e+02,5.609920980859856172e+02,3.765069812158797102e+00,1.600899026759213546e-08
1.159635416666666715e+05,2.624884660649918211e-01,-5.403792667250915116e-01,-3.628140227147150232e-03,-2.749174855884455155e+02,5.659666175023737651e+02,3.799935302157699368e+00,1.600899010800142041e-08
1.169140625000000000e+05,2.648578808622717995e-01,-5.451283122570380613e-01,-3.661425581972188592e-03,-2.773990938973719267e+02,5.709405337896689616e+02,3.834796742710112838e+00,1.600898995402460150e-08
1.178645833333333430e+05,2.672270207604106051e-01,-5.498767919938332138e-01,-3.694707136560117580e-03,-2.798804142904833725e+02,5.759138574910014086e+02,3.869654203081430044e+00,1.600898980541638991e-08
1.188151041666666715e+05,2.695958904599409234e-01,-5.546247157391587246e-01,-3.727984955355447688e-03,-2.823614516908859287e+02,5.808865988742642230e+02,3.904507750767653107e+00,1.600898966194428833e-08
1.197656250000000000e+05,2.719644945413432491e-01,-5.593720930429991745e-01,-3.761259101170510641e-03,-2.848422108959491652e+02,5.858587679416407354e+02,3.939357451555328016e+00,1.600898952338778694e-08
1.207161458333333430e+05,2.743328374691123006e-01,-5.641189332103477838e-01,-3.794529635240292270e-03,-2.873226965815648555e+02,5.908303744387225152e+02,3.974203369578956924e+00,1.600898938953767193e-08
1.216666666666666715e+05,2.767009235956519042e-01,-5.688652453095407457e-01,-3.827796617274947799e-03,-2.898029133062264009e+02,5.958014278632376772e+02,4.009045567376016805e+00,1.600898926019534383e-08
1.226171875000000000e+05,2.790687571650081744e-01,-5.736110381802387304e-01,-3.861060105510159129e-03,-2.922828655149385781e+02,6.007719374734116400e+02,4.043884105939693718e+00,1.600898913517217901e-08
1.235677083333333430e+05,2.814363423164472633e-01,-5.783563204410754333e-01,-3.894320156755438217e-03,-2.947625575429647142e+02,6.057419122959765900e+02,4.078719044769465896e+00,1.600898901428898037e-08
1.245182291666666715e+05,2.838036830878868377e-01,-5.831011004969868239e-01,-3.927576826440432045e-03,-2.972419936194208958e+02,6.107113611338480723e+02,4.113550441919618272e+00,1.600898889737540494e-08
1.254687500000000000e+05,2.861707834191878908e-01,-5.878453865462387462e-01,-3.960830168659388792e-03,-2.997211778707231815e+02,6.156802925734859855e+02,4.148378354045799021e+00,1.600898878426947753e-08
1.264192708333333430e+05,2.885376471553131039e-01,-5.925891865871675268e-01,-3.994080236213828558e-03,-3.022001143238964005e+02,6.206487149919537387e+02,4.183202836449721573e+00,1.600898867481709107e-08
1.273697916666666715e+05,2.909042780493597546e-01,-5.973325084246479122e-01,-4.027327080653529678e-03,-3.046788069097495395e+02,6.256166365636925093e+02,4.218023943122078734e+00,1.600898856887159308e-08
1.283203125000000000e+05,2.932706797654716091e-01,-6.020753596762998816e-01,-4.060570752315882659e-03,-3.071572594659261881e+02,6.305840652670219697e+02,4.252841726783777254e+00,1.600898846629332898e-08
1.292708333333333430e+05,2.956368558816357406e-01,-6.068177477784481022e-01,-4.093811300363729699e-03,-3.096354757398335664e+02,6.355510088903823771e+02,4.287656238925554142e+00,1.600898836694929145e-08
1.302213541666666715e+05,2.980028098923702684e-01,-6.115596799918471271e-01,-4.127048772821714090e-03,-3.121134593914580933e+02,6.405174750383300761e+02,4.322467529846052869e+00,1.600898827071274317e-08
1.311718750000000000e+05,3.003685452113086241e-01,-6.163011634071796641e-01,-4.160283216611245297e-03,-3.145912139960709624e+02,6.454834711372968741e+02,4.357275648688448300e+00,1.600898817746286946e-08
1.321223958333333430e+05,3.027340651736831756e-01,-6.210422049503423469e-01,-4.193514677584126576e-03,-3.170687430468304342e+02,6.504490044411256804e+02,4.392080643475659407e+00,1.600898808708444737e-08
1.330729166666666861e+05,3.050993730387149272e-01,-6.257828113875271159e-01,-4.226743200554904101e-03,-3.195460499572837421e+02,6.554140820363924149e+02,4.426882561144231509e+00,1.600898799946755452e-08
1.340234375000000000e+05,3.074644719919120694e-01,-6.305229893301070865e-01,-4.259968829332001772e-03,-3.220231380637752636e+02,6.603787108475236209e+02,4.461681447576952841e+00,1.600898791450729780e-08
1.349739583333333430e+05,3.098293651472820986e-01,-6.352627452393373453e-01,-4.293191606747697245e-03,-3.245000106277631744e+02,6.653428976417194463e+02,4.496477347634238342e+00,1.600898783210354863e-08
1.359244791666666861e+05,3.121940555494623348e-01,-6.400020854308777762e-01,-4.326411574686980788e-03,-3.269766708380506088e+02,6.703066490336910874e+02,4.531270305184365910e+00,1.600898775216065186e-08
1.368750000000000000e+05,3.145585461757705037e-01,-6.447410160791472444e-01,-4.359628774115368102e-03,-3.294531218129333183e+02,6.752699714902200867e+02,4.566060363132593558e+00,1.600898767458724373e-08
1.378255208333333430e+05,3.169228399381802674e-01,-6.494795432215141329e-01,-4.392843245105672312e-03,-3.319293666022687717e+02,6.802328713345491451e+02,4.600847563449210753e+00,1.600898759929599714e-08
1.387760416666666861e+05,3.192869396852240360e-01,-6.542176727623348897e-01,-4.426055026863828790e-03,-3.344054081894699948e+02,6.851953547506100222e+02,4.635631947196586999e+00,1.600898752620344293e-08
1.397265625000000000e+05,3.216508482038287209e-01,-6.589554104768424736e-01,-4.459264157753788441e-03,-3.368812494934264805e+02,6.901574277870971628e+02,4.670413554555230107e+00,1.600898745522972841e-08
1.406770833333333430e+05,3.240145682210830991e-01,-6.636927620148940221e-01,-4.492470675321507192e-03,-3.393568933703568860e+02,6.951190963613925078e+02,4.705192424848926969e+00,1.600898738629848164e-08
1.416276041666666861e+05,3.263781024059436708e-01,-6.684297329045835179e-01,-4.525674616318106289e-03,-3.418323426155947686e+02,7.000803662633495605e+02,4.739968596568990833e+00,1.600898731933660963e-08
1.425781250000000000e+05,3.287414533708800102e-01,-6.731663285557253351e-01,-4.558876016722198179e-03,-3.443075999653117378e+02,7.050412431589410289e+02,4.774742107397646151e+00,1.600898725427413953e-08
1.435286458333333430e+05,3.311046236734606074e-01,-6.779025542632127754e-01,-4.592074911761445666e-03,-3.467826680981792720e+02,7.100017325937774331e+02,4.809512994230612293e+00,1.600898719104405315e-08
1.444791666666666861e+05,3.334676158178856431e-01,-6.826384152102584757e-01,-4.625271335933366437e-03,-3.492575496369732377e+02,7.149618399965003164e+02,4.844281293198888783e+00,1.600898712958218775e-08
1.454296875000000000e+05,3.358304322564646949e-01,-6.873739164715222394e-01,-4.658465323025421170e-03,-3.517322471501217933e+02,7.199215706820581318e+02,4.879047039689796250e+00,1.600898706982702757e-08
1.463802083333333430e+05,3.381930753910448173e-01,-6.921090630161279567e-01,-4.691656906134414676e-03,-3.542067631532010523e+02,7.248809298548663946e+02,4.913810268367300615e+00,1.600898701171963102e-08
1.473307291666666861e+05,3.405555475743882177e-01,-6.968438597105773846e-01,-4.724846117685241320e-03,-3.566811001103783951e+02,7.298399226118596061e+02,4.948571013191635615e+00,1.600898695520348512e-08
1.482812500000000000e+05,3.429178511115049677e-01,-7.015783113215646738e-01,-4.758032989448992070e-03,-3.591552604358079179e+02,7.347985539454379023e+02,4.983329307438276068e+00,1.600898690022438638e-08
1.492317708333333430e+05,3.452799882609395299e-01,-7.063124225186925287e-01,-4.791217552560456117e-03,-3.616292464949775081e+02,7.397568287463134311e+02,5.018085183716268993e+00,1.600898684673033162e-08
1.501822916666666861e+05,3.476419612360143185e-01,-7.110461978770991065e-01,-4.824399837535043103e-03,-3.641030606060121499e+02,7.447147518062600966e+02,5.052838673985947437e+00,1.600898679467142198e-08
1.511328125000000000e+05,3.500037722060319600e-01,-7.157796418799940996e-01,-4.857579874285138100e-03,-3.665767050409324952e+02,7.496723278207712156e+02,5.087589809576073208e+00,1.600898674399975710e-08
1.520833333333333430e+05,3.523654232974379186e-01,-7.205127589211117733e-01,-4.890757692135930951e-03,-3.690501820268727897e+02,7.546295613916272487e+02,5.122338621200400510e+00,1.600898669466935566e-08
1.530338541666666861e+05,3.547269165949447078e-01,-7.252455533070820692e-01,-4.923933319840713072e-03,-3.715234937472583283e+02,7.595864570293804263e+02,5.157085138973713789e+00,1.600898664663604620e-08
1.539843750000000000e+05,3.570882541426197987e-01,-7.299780292597234377e-01,-4.957106785595695453e-03,-3.739966423429443125e+02,7.645430191557551325e+02,5.191829392427334433e+00,1.600898659985739768e-08
1.549348958333333430e+05,3.594494379449374444e-01,-7.347101909182601753e-01,-4.990278117054332274e-03,-3.764696299133185562e+02,7.694992521059712089e+02,5.226571410524129213e+00,1.600898655429263010e-08
1.558854166666666861e+05,3.618104699677973102e-01,-7.394420423414689303e-01,-5.023447341341207364e-03,-3.789424585173674700e+02,7.744551601309909756e+02,5.261311221673047100e+00,1.600898650990255163e-08
1.568359375000000000e+05,3.641713521395105735e-01,-7.441735875097537090e-01,-5.056614485065452289e-03,-3.814151301747091907e+02,7.794107473996938324e+02,5.296048853743179130e+00,1.600898646664947592e-08
1.577864583333333430e+05,3.665320863517541605e-01,-7.489048303271569340e-01,-5.089779574333749834e-03,-3.838876468665927746e+02,7.843660180009812848e+02,5.330784334077390163e+00,1.600898642449718570e-08
1.587369791666666861e+05,3.688926744604950070e-01,-7.536357746233037780e-01,-5.122942634762964534e-03,-3.863600105368667528e+02,7.893209759458142116e+02,5.365517689505510113e+00,1.600898638341080373e-08
1.596875000000000000e+05,3.712531182868856749e-01,-7.583664241552868779e-01,-5.156103691492310015e-03,-3.888322230929163084e+02,7.942756251691857869e+02,5.400248946357115720e+00,1.600898634335678948e-08
1.606380208333333430e+05,3.736134196181311040e-01,-7.630967826094894324e-01,-5.189262769195197161e-03,-3.913042864065722597e+02,7.992299695320326691e+02,5.434978130473923308e+00,1.600898630430286307e-08
1.615885416666666861e+05,3.759735802083301603e-01,-7.678268536033541203e-01,-5.222419892090695431e-03,-3.937762023149908259e+02,8.041840128230859364e+02,5.469705267221793399e+00,1.600898626621794896e-08
1.625390625000000000e+05,3.783336017792887640e-01,-7.725566406870947311e-01,-5.255575083954643761e-03,-3.962479726215071310e+02,8.091377587606643829e+02,5.504430381502364966e+00,1.600898622907213301e-08
1.634895833333333430e+05,3.806934860213108118e-01,-7.772861473453552827e-01,-5.288728368130419730e-03,-3.987195990964619341e+02,8.140912109944126769e+02,5.539153497764345069e+00,1.600898619283659954e-08
1.644401041666666861e+05,3.830532345939633432e-01,-7.820153769988189563e-01,-5.321879767539393000e-03,-4.011910834780038613e+02,8.190443731069858586e+02,5.573874640014444992e+00,1.600898615748357844e-08
1.653906250000000000e+05,3.854128491268183909e-01,-7.867443330057678486e-01,-5.355029304691056105e-03,-4.036624274728665682e+02,8.239972486156827927e+02,5.608593831827998422e+00,1.600898612298631540e-08
1.663411458333333430e+05,3.877723312201736272e-01,-7.914730186635936526e-01,-5.388177001692856863e-03,-4.061336327571232800e+02,8.289498409740293710e+02,5.643311096359258094e+00,1.600898608931903877e-08
1.672916666666666861e+05,3.901316824457516930e-01,-7.962014372102652615e-01,-5.421322880259739352e-03,-4.086047009769181386e+02,8.339021535733149904e+02,5.678026456351381590e+00,1.600898605645689011e-08
1.682421875000000000e+05,3.924909043473762127e-01,-8.009295918257516300e-01,-5.454466961723384785e-03,-4.110756337491765748e+02,8.388541897440815092e+02,5.712739934146131127e+00,1.600898602437589443e-08
1.691927083333333430e+05,3.948499984416317110e-01,-8.056574856333998946e-01,-5.487609267041225133e-03,-4.135464326622940234e+02,8.438059527575696848e+02,5.747451551693281147e+00,1.600898599305295022e-08
1.701432291666666861e+05,3.972089662185003256e-01,-8.103851217012769670e-01,-5.520749816805151436e-03,-4.160170992768045153e+02,8.487574458271211597e+02,5.782161330559756784e+00,1.600898596246575669e-08
1.710937500000000000e+05,3.995678091419825329e-01,-8.151125030434678287e-01,-5.553888631249963639e-03,-4.184876351260303409e+02,8.537086721095399753e+02,5.816869291938505881e+00,1.600898593259280716e-08
1.720442708333333430e+05,4.019265286506995549e-01,-8.198396326213370777e-01,-5.587025730261638290e-03,-4.209580417167119890e+02,8.586596347064140673e+02,5.851575456657107210e+00,1.600898590341333607e-08
1.729947916666666861e+05,4.042851261584766709e-01,-8.245665133447556139e-01,-5.620161133385283975e-03,-4.234283205296209189e+02,8.636103366653982221e+02,5.886279845186147774e+00,1.600898587490730912e-08
1.739453125000000000e+05,4.066436030549124281e-01,-8.292931480732883553e-01,-5.653294859832911148e-03,-4.258984730201535740e+02,8.685607809814601978e+02,5.920982477647346975e+00,1.600898584705536365e-08
1.748958333333333430e+05,4.090019607059288687e-01,-8.340195396173508691e-01,-5.686426928490986854e-03,-4.283685006189097066e+02,8.735109705980905801e+02,5.955683373821454296e+00,1.600898581983882194e-08
1.758463541666666861e+05,4.113602004543079893e-01,-8.387456907393309180e-01,-5.719557357927751787e-03,-4.308384047322531956e+02,8.784609084084783035e+02,5.990382553155931156e+00,1.600898579323963489e-08
1.767968750000000000e+05,4.137183236202135461e-01,-8.434716041546795884e-01,-5.752686166400346537e-03,-4.333081867428580836e+02,8.834105972566529772e+02,6.025080034772406279e+00,1.600898576724038209e-08
1.777473958333333430e+05,4.160763315016954289e-01,-8.481972825329706644e-01,-5.785813371861736609e-03,-4.357778480102383583e+02,8.883600399385944684e+02,6.059775837473933002e+00,1.600898574182420560e-08
1.786979166666666861e+05,4.184342253751838214e-01,-8.529227284989295832e-01,-5.818938991967451818e-03,-4.382473898712636924e+02,8.933092392033114493e+02,6.094469979752041411e+00,1.600898571697482318e-08
1.796484375000000000e+05,4.207920064959661532e-01,-8.576479446334365209e-01,-5.852063044082120996e-03,-4.407168136406603480e+02,8.982581977538899309e+02,6.129162479793589746e+00,1.600898569267650188e-08
1.805989583333333430e+05,4.231496760986530603e-01,-8.623729334744973940e-01,-5.885185545285855774e-03,-4.431861206114989500e+02,9.032069182485125793e+02,6.163853355487445285e+00,1.600898566891402156e-08
1.815494791666666861e+05,4.255072353976311339e-01,-8.670976975181913238e-01,-5.918306512380434870e-03,-4.456553120556679914e+02,9.081554033014498373e+02,6.198542624430960046e+00,1.600898564567267495e-08
1.825000000000000000e+05,4.278646855875031241e-01,-8.718222392195912329e-01,-5.951425961895333988e-03,-4.481243892243353457e+02,9.131036554840241024e+02,6.233230303936294625e+00,1.600898562293823123e-08
1.834505208333333430e+05,4.302220278435153755e-01,-8.765465609936584634e-01,-5.984543910093589186e-03,-4.505933533483964766e+02,9.180516773255463931e+02,6.267916411036551949e+00,1.600898560069691951e-08
1.844010416666666861e+05,4.325792633219760486e-01,-8.812706652161133025e-01,-6.017660372977504113e-03,-4.530622056389112231e+02,9.229994713142297087e+02,6.302600962491756498e+00,1.600898557893542549e-08
1.853515625000000000e+05,4.349363931606592404e-01,-8.859945542242833039e-01,-6.050775366294208063e-03,-4.555309472875285337e+02,9.279470398980753316e+02,6.337283974794676311e+00,1.600898555764085176e-08
1.863020833333333430e+05,4.372934184792011125e-01,-8.907182303179268512e-01,-6.083888905541061376e-03,-4.579995794668996609e+02,9.328943854857370752e+02,6.371965464176478022e+00,1.600898553680072775e-08
1.872526041666666861e+05,4.396503403794830289e-01,-8.954416957600362936e-01,-6.117001005970911648e-03,-4.604681033310811245e+02,9.378415104473614292e+02,6.406645446612249550e+00,1.600898551640297993e-08
1.882031250000000000e+05,4.420071599460060341e-01,-9.001649527776183213e-01,-6.150111682597235452e-03,-4.629365200159260780e+02,9.427884171154057640e+02,6.441323937826364698e+00,1.600898549643590535e-08
1.891536458333333430e+05,4.443638782462561165e-01,-9.048880035624550233e-01,-6.183220950199123933e-03,-4.654048306394663541e+02,9.477351077854345931e+02,6.476000953297711860e+00,1.600898547688818818e-08
1.901041666666666861e+05,4.467204963310572596e-01,-9.096108502718445177e-01,-6.216328823326140035e-03,-4.678730363022835945e+02,9.526815847168953724e+02,6.510676508264790385e+00,1.600898545774885670e-08
1.910546875000000000e+05,4.490770152349190525e-01,-9.143334950293209307e-01,-6.249435316303064702e-03,-4.703411380878717978e+02,9.576278501338733804e+02,6.545350617730670173e+00,1.600898543900728659e-08
1.920052083333333430e+05,4.514334359763716442e-01,-9.190559399253577233e-01,-6.282540443234511246e-03,-4.728091370629893504e+02,9.625739062258276135e+02,6.580023296467822469e+00,1.600898542065317781e-08
1.929557291666666861e+05,4.537897595582944810e-01,-9.237781870180519217e-01,-6.315644218009414806e-03,-4.752770342780031001e+02,9.675197551483068992e+02,6.614694559022839648e+00,1.600898540267655787e-08
1.939062500000000000e+05,4.561459869682366053e-01,-9.285002383337891407e-01,-6.348746654305428144e-03,-4.777448307672227656e+02,9.724653990236482741e+02,6.649364419721014663e+00,1.600898538506776529e-08
1.948567708333333430e+05,4.585021191787266304e-01,-9.332220958678942857e-01,-6.381847765593175181e-03,-4.802125275492273886e+02,9.774108399416566044e+02,6.684032892670823678e+00,1.600898536781740992e-08
1.958072916666666861e+05,4.608581571475781624e-01,-9.379437615852641574e-01,-6.414947565140442093e-03,-4.826801256271832017e+02,9.823560799602679481e+02,6.718699991768285251e+00,1.600898535091641594e-08
1.967578125000000000e+05,4.632141018181841208e-01,-9.426652374209840701e-01,-6.448046066016208805e-03,-4.851476259891538234e+02,9.873011211061950689e+02,6.753365730701209380e+00,1.600898533435596891e-08
1.977083333333333430e+05,4.655699541198062841e-01,-9.473865252809282600e-01,-6.481143281094631919e-03,-4.876150296084021534e+02,9.922459653755572617e+02,6.788030122953350620e+00,1.600898531812751909e-08
1.986588541666666861e+05,4.679257149678565098e-01,-9.521076270423471932e-01,-6.514239223058888861e-03,-4.900823374436855033e+02,9.971906147344939200e+02,6.822693181808445750e+00,1.600898530222277483e-08
1.996093750000000000e+05,4.702813852641708481e-01,-9.568285445544389978e-01,-6.547333904404949168e-03,-4.925495504395424859e+02,1.002135071119763552e+03,6.857354920354159944e+00,1.600898528663369591e-08
2.005598958333333430e+05,4.726369658972773280e-01,-9.615492796389049079e-01,-6.580427337445259039e-03,-4.950166695265737076e+02,1.007079336439326880e+03,6.892015351485936137e+00,1.600898527135248039e-08
2.015104166666666861e+05,4.749924577426573036e-01,-9.662698340904947170e-01,-6.613519534312294057e-03,-4.974836956217151283e+02,1.012023412572916300e+03,6.926674487910741362e+00,1.600898525637154467e-08
2.024609375000000000e+05,4.773478616629998061e-01,-9.709902096775361313e-01,-6.646610506962098014e-03,-4.999506296285044868e+02,1.016967301372590896e+03,6.961332342150734043e+00,1.600898524168355330e-08
2.034114583333333430e+05,4.797031785084495681e-01,-9.757104081424511355e-01,-6.679700267177655221e-03,-5.024174724373419281e+02,1.021911004663277936e+03,6.995988926546837128e+00,1.600898522728136607e-08
2.043619791666666861e+05,4.820584091168507168e-01,-9.804304312022618095e-01,-6.712788826572235051e-03,-5.048842249257435242e+02,1.026854524243301512e+03,7.030644253262219756e+00,1.600898521315804128e-08
2.053125000000000000e+05,4.844135543139816980e-01,-9.851502805490812698e-01,-6.745876196592649754e-03,-5.073508879585896807e+02,1.031797861884897429e+03,7.065298334285706972e+00,1.600898519930688207e-08
2.062630208333333430e+05,4.867686149137883111e-01,-9.898699578505949503e-01,-6.778962388522415117e-03,-5.098174623883663799e+02,1.036741019334717521e+03,7.099951181435097070e+00,1.600898518572133056e-08
2.072135416666666861e+05,4.891235917186069759e-01,-9.945894647505287844e-01,-6.812047413484852154e-03,-5.122839490554017630e+02,1.041683998314319069e+03,7.134602806360407001e+00,1.600898517239504391e-08
2.081640625000000000e+05,4.914784855193866653e-01,-9.993088028691068381e-01,-6.845131282446108995e-03,-5.147503487880965167e+02,1.046626800520645475e+03,7.169253220547041394e+00,1.600898515932185800e-08
2.091145833333333430e+05,4.938332970959026236e-01,-1.004027973803499174e+00,-6.878214006218109910e-03,-5.172166624031489164e+02,1.051569427626492825e+03,7.203902435318877195e+00,1.600898514649579725e-08
2.100651041666666861e+05,4.961880272169664208e-01,-1.008746979128255727e+00,-6.911295595461448837e-03,-5.196828907057745255e+02,1.056511881280968282e+03,7.238550461841295025e+00,1.600898513391102178e-08
2.110156250000000000e+05,4.985426766406317878e-01,-1.013465820395734074e+00,-6.944376060688196156e-03,-5.221490344899209504e+02,1.061454163109934370e+03,7.273197311124116382e+00,1.600898512156189683e-08
2.119661458333333430e+05,5.008972461143931243e-01,-1.018184499136514987e+00,-6.977455412264649964e-03,-5.246150945384775923e+02,1.066396274716445532e+03,7.307842994024493777e+00,1.600898510944291338e-08
2.129166666666666861e+05,5.032517363753825634e-01,-1.022903016859807668e+00,-7.010533660414021428e-03,-5.270810716234801703e+02,1.071338217681173774e+03,7.342487521249722704e+00,1.600898509754873446e-08
2.138671875000000000e+05,5.056061481505605970e-01,-1.027621375053847652e+00,-7.043610815219081972e-03,-5.295469665063109233e+02,1.076279993562822710e+03,7.377130903359988778e+00,1.600898508587415214e-08
2.148177083333333430e+05,5.079604821569015938e-01,-1.032339575186282943e+00,-7.076686886624699441e-03,-5.320127799378938107e+02,1.081221603898535705e+03,7.411773150771059804e+00,1.600898507441413055e-08
2.157682291666666861e+05,5.103147391015779855e-01,-1.037057618704553930e+00,-7.109761884440360391e-03,-5.344785126588861885e+02,1.086163050204289902e+03,7.446414273756909452e+00,1.600898506316374630e-08
2.167187500000000000e+05,5.126689196821369032e-01,-1.041775507036263537e+00,-7.142835818342612580e-03,-5.369441653998646871e+02,1.091104333975286181e+03,7.481054282452280546e+00,1.600898505211822821e-08
2.176692708333333430e+05,5.150230245866747048e-01,-1.046493241589536716e+00,-7.175908697877476233e-03,-5.394097388815077920e+02,1.096045456686325451e+03,7.515693186855200381e+00,1.600898504127292093e-08
2.186197916666666861e+05,5.173770544940088367e-01,-1.051210823753375490e+00,-7.208980532462765101e-03,-5.418752338147747878e+02,1.100986419792179959e+03,7.550330996829424990e+00,1.600898503062330141e-08
2.195703125000000000e+05,5.197310100738412597e-01,-1.055928254898004681e+00,-7.242051331390393643e-03,-5.443406509010792433e+02,1.105927224727955490e+03,7.584967722106844334e+00,1.600898502016498561e-08
2.205208333333333430e+05,5.220848919869239824e-01,-1.060645536375206976e+00,-7.275121103828600944e-03,-5.468059908324596563e+02,1.110867872909443122e+03,7.619603372289823540e+00,1.600898500989366888e-08
2.214713541666666861e+05,5.244387008852163801e-01,-1.065362669518656880e+00,-7.308189858824143403e-03,-5.492712542917462315e+02,1.115808365733466871e+03,7.654237956853489955e+00,1.600898499980519546e-08
2.224218750000000000e+05,5.267924374120410702e-01,-1.070079655644238237e+00,-7.341257605304445794e-03,-5.517364419527239079e+02,1.120748704578219531e+03,7.688871485147984686e+00,1.600898498989551216e-08
2.233723958333333430e+05,5.291461022022372340e-01,-1.074796496050364425e+00,-7.374324352079669048e-03,-5.542015544802912927e+02,1.125688890803595086e+03,7.723503966400644849e+00,1.600898498016066507e-08
2.243229166666666861e+05,5.314996958823073880e-01,-1.079513192018284107e+00,-7.407390107844798871e-03,-5.566665925306168674e+02,1.130628925751509769e+03,7.758135409718156517e+00,1.600898497059681937e-08
2.252734375000000000e+05,5.338532190705652658e-01,-1.084229744812383878e+00,-7.440454881181599034e-03,-5.591315567512911002e+02,1.135568810746220379e+03,7.792765824088648152e+00,1.600898496120022629e-08
2.262239583333333430e+05,5.362066723772754839e-01,-1.088946155680482475e+00,-7.473518680560613248e-03,-5.615964477814759448e+02,1.140508547094631012e+03,7.827395218383741415e+00,1.600898495196723629e-08
2.271744791666666861e+05,5.385600564047950956e-01,-1.093662425854121878e+00,-7.506581514343052541e-03,-5.640612662520503591e+02,1.145448136086596833e+03,7.862023601360565550e+00,1.600898494289430574e-08
2.281250000000000000e+05,5.409133717477092596e-01,-1.098378556548845753e+00,-7.539643390782699989e-03,-5.665260127857532098e+02,1.150387578995219656e+03,7.896650981663714930e+00,1.600898493397797372e-08
2.290755208333333430e+05,5.432666189929639122e-01,-1.103094548964479449e+00,-7.572704318027711351e-03,-5.689906879973227660e+02,1.155326877077136714e+03,7.931277367827178182e+00,1.600898492521487855e-08
2.300260416666666861e+05,5.456197987199966626e-01,-1.107810404285398009e+00,-7.605764304122450414e-03,-5.714552924936339195e+02,1.160266031572804650e+03,7.965902768276216683e+00,1.600898491660172477e-08
2.309765625000000000e+05,5.479729115008655782e-01,-1.112526123680792178e+00,-7.638823357009213305e-03,-5.739198268738313118e+02,1.165205043706775541e+03,8.000527191329204868e+00,1.600898490813532937e-08
2.319270833333333430e+05,5.503259579003716429e-01,-1.117241708304926417e+00,-7.671881484529977091e-03,-5.763842917294605286e+02,1.170143914687969527e+03,8.035150645199442110e+00,1.600898489981256561e-08
2.328776041666666861e+05,5.526789384761841006e-01,-1.121957159297392037e+00,-7.704938694428065116e-03,-5.788486876445962253e+02,1.175082645709938561e+03,8.069773137996904211e+00,1.600898489163040932e-08
2.338281250000000000e+05,5.550318537789584727e-01,-1.126672477783356330e+00,-7.737994994349812333e-03,-5.813130151959680916e+02,1.180021237951126750e+03,8.104394677729985119e+00,1.600898488358588926e-08
2.347786458333333430e+05,5.573847043524539080e-01,-1.131387664873804377e+00,-7.771050391846171662e-03,-5.837772749530828378e+02,1.184959692575125928e+03,8.139015272307181803e+00,1.600898487567612024e-08
2.357291666666666861e+05,5.597374907336489791e-01,-1.136102721665777304e+00,-7.804104894374302992e-03,-5.862414674783448163e+02,1.189898010730922351e+03,8.173634929538751592e+00,1.600898486789828321e-08
2.366796875000000000e+05,5.620902134528527050e-01,-1.140817649242604981e+00,-7.837158509299113618e-03,-5.887055933271744834e+02,1.194836193553142721e+03,8.208253657138341097e+00,1.600898486024964518e-08
2.376302083333333430e+05,5.644428730338169053e-01,-1.145532448674133619e+00,-7.870211243894788267e-03,-5.911696530481226546e+02,1.199774242162290875e+03,8.242871462724567166e+00,1.600898485272753601e-08
2.385807291666666861e+05,5.667954699938417829e-01,-1.150247121016949592e+00,-7.903263105346260142e-03,-5.936336471829844186e+02,1.204712157664983579e+03,8.277488353822578304e+00,1.600898484532933849e-08
2.395312500000000000e+05,5.691480048438818384e-01,-1.154961667314597262e+00,-7.936314100750675032e-03,-5.960975762669089590e+02,1.209649941154177441e+03,8.312104337865577008e+00,1.600898483805250160e-08
2.404817708333333430e+05,5.715004780886522306e-01,-1.159676088597793031e+00,-7.969364237118827660e-03,-5.985614408285090349e+02,1.214587593709394696e+03,8.346719422196322569e+00,1.600898483089456365e-08
2.414322916666666861e+05,5.738528902267255871e-01,-1.164390385884636059e+00,-8.002413521376542521e-03,-6.010252413899660269e+02,1.219525116396941939e+03,8.381333614068584126e+00,1.600898482385308281e-08
2.423828125000000000e+05,5.762052417506354773e-01,-1.169104560180812991e+00,-8.035461960366054729e-03,-6.034889784671348707e+02,1.224462510270125449e+03,8.415946920648575968e+00,1.600898481692571318e-08
2.433333333333333430e+05,5.785575331469716698e-01,-1.173818612479799128e+00,-8.068509560847345746e-03,-6.059526525696453518e+02,1.229399776369462643e+03,8.450559349016373289e+00,1.600898481011013868e-08
2.442838541666666861e+05,5.809097648964752780e-01,-1.178532543763055607e+00,-8.101556329499458309e-03,-6.084162642010028321e+02,1.234336915722887397e+03,8.485170906167278204e+00,1.600898480340411597e-08
2.452343750000000000e+05,5.832619374741339069e-01,-1.183246355000223460e+00,-8.134602272921787058e-03,-6.108798138586852247e+02,1.239273929345954002e+03,8.519781599013171558e+00,1.600898479680545137e-08
2.461848958333333430e+05,5.856140513492714694e-01,-1.187960047149311249e+00,-8.167647397635351830e-03,-6.133433020342395139e+02,1.244210818242033611e+03,8.554391434383846970e+00,1.600898479031199754e-08
2.471354166666666861e+05,5.879661069856388922e-01,-1.192673621156883135e+00,-8.200691710084018898e-03,-6.158067292133756609e+02,1.249147583402510691e+03,8.589000419028289812e+00,1.600898478392166997e-08
2.480859375000000000e+05,5.903181048415024890e-01,-1.197387077958238066e+00,-8.233735216635725690e-03,-6.182700958760590311e+02,1.254084225806971517e+03,8.623608559615963287e+00,1.600898477763242386e-08
2.490364583333333430e+05,5.926700453697290039e-01,-1.202100418477590305e+00,-8.266777923583656928e-03,-6.207334024966003199e+02,1.259020746423391984e+03,8.658215862738044777e+00,1.600898477144226407e-08
2.499869791666666861e+05,5.950219290178718756e-01,-1.206813643628242616e+00,-8.299819837147438123e-03,-6.231966495437443427e+02,1.263957146208320864e+03,8.692822334908658632e+00,1.600898476534924175e-08
2.509375000000000000e+05,5.973737562282523950e-01,-1.211526754312758358e+00,-8.332860963474256200e-03,-6.256598374807573464e+02,1.268893426107058303e+03,8.727427982566066333e+00,1.600898475935146101e-08
2.518880208333333430e+05,5.997255274380425272e-01,-1.216239751423129345e+00,-8.365901308639983602e-03,-6.281229667655113644e+02,1.273829587053833166e+03,8.762032812073838883e+00,1.600898475344707888e-08
2.528385416666666861e+05,6.020772430793442931e-01,-1.220952635840940381e+00,-8.398940878650291986e-03,-6.305860378505684594e+02,1.278765629971973340e+03,8.796636829722023876e+00,1.600898474763426234e-08
2.537890625000000000e+05,6.044289035792669296e-01,-1.225665408437531578e+00,-8.431979679441724274e-03,-6.330490511832622360e+02,1.283701555774077633e+03,8.831240041728257495e+00,1.600898474191124784e-08
2.547395833333333430e+05,6.067805093600051602e-01,-1.230378070074155117e+00,-8.465017716882745902e-03,-6.355120072057785592e+02,1.288637365362179253e+03,8.865842454238883619e+00,1.600898473627631153e-08
2.556901041666666861e+05,6.091320608389136915e-01,-1.235090621602132011e+00,-8.498054996774792591e-03,-6.379749063552338839e+02,1.293573059627909970e+03,8.900444073330044503e+00,1.600898473072775272e-08
2.566406250000000000e+05,6.114835584285803760e-01,-1.239803063863003985e+00,-8.531091524853286895e-03,-6.404377490637529036e+02,1.298508639452658826e+03,8.935044905008734162e+00,1.600898472526393030e-08
2.575911458333333430e+05,6.138350025369004870e-01,-1.244515397688682690e+00,-8.564127306788637400e-03,-6.429005357585441516e+02,1.303444105707729022e+03,8.969644955213855297e+00,1.600898471988322630e-08
2.585416666666666861e+05,6.161863935671447745e-01,-1.249227623901596251e+00,-8.597162348187210174e-03,-6.453632668619749211e+02,1.308379459254491849e+03,9.004244229817249590e+00,1.600898471458406245e-08
2.594921875000000000e+05,6.185377319180330735e-01,-1.253939743314833821e+00,-8.630196654592307143e-03,-6.478259427916434561e+02,1.313314700944536298e+03,9.038842734624692454e+00,1.600898470936490351e-08
2.604427083333333430e+05,6.208890179837991408e-01,-1.258651756732285687e+00,-8.663230231485102850e-03,-6.502885639604512562e+02,1.318249831619817769e+03,9.073440475376891357e+00,1.600898470422423739e-08
2.613932291666666861e+05,6.232402521542593776e-01,-1.263363664948782494e+00,-8.696263084285553446e-03,-6.527511307766727668e+02,1.323184852112802218e+03,9.108037457750450372e+00,1.600898469916060164e-08
2.623437500000000000e+05,6.255914348148785553e-01,-1.268075468750230250e+00,-8.729295218353336910e-03,-6.552136436440250691e+02,1.328119763246609637e+03,9.142633687358831196e+00,1.600898469417254703e-08
2.632942708333333721e+05,6.279425663468347629e-01,-1.272787168913744882e+00,-8.762326638988730820e-03,-6.576761029617348413e+02,1.333054565835151834e+03,9.177229169753276850e+00,1.600898468925868391e-08
2.642447916666666861e+05,6.302936471270815799e-01,-1.277498766207780800e+00,-8.795357351433472776e-03,-6.601385091246052070e+02,1.337989260683271596e+03,9.211823910423731832e+00,1.600898468441760938e-08
2.651953125000000000e+05,6.326446775284122470e-01,-1.282210261392262574e+00,-8.828387360871655515e-03,-6.626008625230807638e+02,1.342923848586875238e+03,9.246417914799749838e+00,1.600898467964800656e-08
2.661458333333333721e+05,6.349956579195188411e-01,-1.286921655218707494e+00,-8.861416672430521418e-03,-6.650631635433120437e+02,1.347858330333065396e+03,9.281011188251367727e+00,1.600898467494853542e-08
2.670963541666666861e+05,6.373465886650535595e-01,-1.291632948430351702e+00,-8.894445291181354157e-03,-6.675254125672174723e+02,1.352792706700271083e+03,9.315603736089977716e+00,1.600898467031792210e-08
2.680468750000000000e+05,6.396974701256870066e-01,-1.296344141762270752e+00,-8.927473222140217685e-03,-6.699876099725457834e+02,1.357726978458373878e+03,9.350195563569185353e+00,1.600898466575491591e-08
2.689973958333333721e+05,6.420483026581664809e-01,-1.301055235941498633e+00,-8.960500470268847883e-03,-6.724497561329366135e+02,1.362661146368833670e+03,9.384786675885633755e+00,1.600898466125828269e-08
2.699479166666666861e+05,6.443990866153725960e-01,-1.305766231687145007e+00,-8.993527040475322171e-03,-6.749118514179793920e+02,1.367595211184810069e+03,9.419377078179831386e+00,1.600898465682680152e-08
2.708984375000000000e+05,6.467498223463743479e-01,-1.310477129710510003e+00,-9.026552937614940736e-03,-6.773738961932722304e+02,1.372529173651284282e+03,9.453966775536963851e+00,1.600898465245932098e-08
2.718489583333333721e+05,6.491005101964852919e-01,-1.315187930715196574e+00,-9.059578166490903084e-03,-6.798358908204789941e+02,1.377463034505175756e+03,9.488555772987675496e+00,1.600898464815466976e-08
2.727994791666666861e+05,6.514511505073157238e-01,-1.319898635397223519e+00,-9.092602731855099069e-03,-6.822978356573860310e+02,1.382396794475459046e+03,9.523144075508856332e+00,1.600898464391173283e-08
2.737500000000000000e+05,6.538017436168266361e-01,-1.324609244445131173e+00,-9.125626638408820129e-03,-6.847597310579569694e+02,1.387330454283278414e+03,9.557731688024400540e+00,1.600898463972939847e-08
2.747005208333333721e+05,6.561522898593818987e-01,-1.329319758540090435e+00,-9.158649890803460120e-03,-6.872215773723874008e+02,1.392264014642057873e+03,9.592318615405964977e+00,1.600898463560659795e-08
2.756510416666666861e+05,6.585027895657971087e-01,-1.334030178356006680e+00,-9.191672493641261238e-03,-6.896833749471579722e+02,1.397197476257613289e+03,9.626904862473695701e+00,1.600898463154225924e-08
2.766015625000000000e+05,6.608532430633919930e-01,-1.338740504559622790e+00,-9.224694451475955875e-03,-6.921451241250873636e+02,1.402130839828258331e+03,9.661490433996959837e+00,1.600898462753535665e-08
2.775520833333333721e+05,6.632036506760392580e-01,-1.343450737810621742e+00,-9.257715768813495200e-03,-6.946068252453829928e+02,1.407064106044912251e+03,9.696075334695057890e+00,1.600898462358487770e-08
2.785026041666666861e+05,6.655540127242109971e-01,-1.348160878761724524e+00,-9.290736450112670186e-03,-6.970684786436922877e+02,1.411997275591202651e+03,9.730659569237918305e+00,1.600898461968983640e-08
2.794531250000000000e+05,6.679043295250282064e-01,-1.352870928058788724e+00,-9.323756499785812446e-03,-6.995300846521517997e+02,1.416930349143569401e+03,9.765243142246784913e+00,1.600898461584926329e-08
2.804036458333333721e+05,6.702546013923065260e-01,-1.357580886340904014e+00,-9.356775922199387502e-03,-7.019916435994369976e+02,1.421863327371363539e+03,9.799826058294900832e+00,1.600898461206219552e-08
2.813541666666666861e+05,6.726048286366026474e-01,-1.362290754240487844e+00,-9.389794721674695616e-03,-7.044531558108093350e+02,1.426796210936947091e+03,9.834408321908160389e+00,1.600898460832770998e-08
2.823046875000000000e+05,6.749550115652587223e-01,-1.367000532383375599e+00,-9.422812902488416492e-03,-7.069146216081635430e+02,1.431729000495790388e+03,9.868989937565764592e+00,1.600898460464490006e-08
2.832552083333333721e+05,6.773051504824461055e-01,-1.371710221388914519e+00,-9.455830468873296230e-03,-7.093760413100746973e+02,1.436661696696566196e+03,9.903570909700869507e+00,1.600898460101287903e-08
2.842057291666666861e+05,6.796552456892115401e-01,-1.376419821870051186e+00,-9.488847425018685083e-03,-7.118374152318430106e+02,1.441594300181245444e+03,9.938151242701207977e+00,1.600898459743076015e-08
2.851562500000000000e+05,6.820052974835157933e-01,-1.381129334433421008e+00,-9.521863775071175845e-03,-7.142987436855388523e+02,1.446526811585187261e+03,9.972730940909709574e+00,1.600898459389769639e-08
2.861067708333333721e+05,6.843553061602789533e-01,-1.385838759679433041e+00,-9.554879523135172831e-03,-7.167600269800468595e+02,1.451459231537231290e+03,1.000731000862510989e+01,1.600898459041284734e-08
2.870572916666666861e+05,6.867052720114212860e-01,-1.390548098202356364e+00,-9.587894673273419238e-03,-7.192212654211094787e+02,1.456391560659785455e+03,1.004188845010255626e+01,1.600898458697539573e-08
2.880078125000000000e+05,6.890551953259016482e-01,-1.395257350590403567e+00,-9.620909229507642463e-03,-7.216824593113688024e+02,1.461323799568914183e+03,1.007646626955418334e+01,1.600898458358453424e-08
2.889583333333333721e+05,6.914050763897607865e-01,-1.399966517425812018e+00,-9.653923195819022474e-03,-7.241436089504089750e+02,1.466255948874424803e+03,1.011104347114969926e+01,1.600898458023948202e-08
2.899088541666666861e+05,6.937549154861579748e-01,-1.404675599284924914e+00,-9.686936576148802436e-03,-7.266047146347970056e+02,1.471188009179950541e+03,1.014562005901695585e+01,1.600898457693946151e-08
2.908593750000000000e+05,6.961047128954098717e-01,-1.409384596738271656e+00,-9.719949374398767494e-03,-7.290657766581236956e+02,1.476119981083035782e+03,1.018019603724250111e+01,1.600898457368370840e-08
2.918098958333333721e+05,6.984544688950302671e-01,-1.414093510350644456e+00,-9.752961594431817233e-03,-7.315267953110425196e+02,1.481051865175215880e+03,1.021477140987213161e+01,1.600898457047149807e-08
2.927604166666666861e+05,7.008041837597653867e-01,-1.418802340681175611e+00,-9.785973240072434048e-03,-7.339877708813093022e+02,1.485983662042099013e+03,1.024934618091143967e+01,1.600898456730208938e-08
2.937109375000000000e+05,7.031538577616316399e-01,-1.423511088283414106e+00,-9.818984315107245203e-03,-7.364487036538207576e+02,1.490915372263444169e+03,1.028392035432633733e+01,1.600898456417478749e-08
2.946614583333333721e+05,7.055034911699515909e-01,-1.428219753705397332e+00,-9.851994823285466912e-03,-7.389095939106521200e+02,1.495846996413239822e+03,1.031849393404357684e+01,1.600898456108888765e-08
2.956119791666666861e+05,7.078530842513892640e-01,-1.432928337489726589e+00,-9.885004768319438639e-03,-7.413704419310940921e+02,1.500778535059779415e+03,1.035306692395127826e+01,1.600898455804370825e-08
2.965625000000000000e+05,7.102026372699854484e-01,-1.437636840173637909e+00,-9.918014153885088002e-03,-7.438312479916895654e+02,1.505709988765736853e+03,1.038763932789941968e+01,1.600898455503856770e-08
2.975130208333333721e+05,7.125521504871912271e-01,-1.442345262289072005e+00,-9.951022983622392210e-03,-7.462920123662701144e+02,1.510641358088241532e+03,1.042221114970034712e+01,1.600898455207281419e-08
2.984635416666666861e+05,7.149016241619023937e-01,-1.447053604362744439e+00,-9.984031261135884600e-03,-7.487527353259905567e+02,1.515572643578948828e+03,1.045678239312925406e+01,1.600898454914580912e-08
2.994140625000000000e+05,7.172510585504934255e-01,-1.451761866916214005e+00,-1.001703898999506057e-02,-7.512134171393640827e+02,1.520503845784113992e+03,1.049135306192467709e+01,1.600898454625692715e-08
3.003645833333333721e+05,7.196004539068481254e-01,-1.456470050465949573e+00,-1.005004617373489451e-02,-7.536740580722967024e+02,1.525434965244660589e+03,1.052592315978895243e+01,1.600898454340553632e-08
3.013151041666666861e+05,7.219498104823940388e-01,-1.461178155523395805e+00,-1.008305281585621799e-02,-7.561346583881208971e+02,1.530366002496251440e+03,1.056049269038869198e+01,1.600898454059102781e-08
3.022656250000000000e+05,7.242991285261322076e-01,-1.465886182595039333e+00,-1.011605891982621588e-02,-7.585952183476284745e+02,1.535296958069354787e+03,1.059506165735524696e+01,1.600898453781282261e-08
3.032161458333333721e+05,7.266484082846695891e-01,-1.470594132182471592e+00,-1.014906448907881148e-02,-7.610557382091033105e+02,1.540227832489313414e+03,1.062963006428514667e+01,1.600898453507032514e-08
3.041666666666666861e+05,7.289976500022496975e-01,-1.475302004782452325e+00,-1.018206952701512791e-02,-7.635162182283535230e+02,1.545158626276408995e+03,1.066419791474054790e+01,1.600898453236296962e-08
3.051171875000000000e+05,7.313468539207814700e-01,-1.480009800886971982e+00,-1.021507403700387673e-02,-7.659766586587433039e+02,1.550089339945927350e+03,1.069876521224968258e+01,1.600898452969018031e-08
3.060677083333333721e+05,7.336960202798703534e-01,-1.484717520983311445e+00,-1.024807802238177079e-02,-7.684370597512232735e+02,1.555019974008223244e+03,1.073333196030726988e+01,1.600898452705142122e-08
3.070182291666666861e+05,7.360451493168471693e-01,-1.489425165554102648e+00,-1.028108148645398220e-02,-7.708974217543618579e+02,1.559950528968781100e+03,1.076789816237495145e+01,1.600898452444613978e-08
3.079687500000000000e+05,7.383942412667958699e-01,-1.494132735077387863e+00,-1.031408443249443030e-02,-7.733577449143746207e+02,1.564881005328279343e+03,1.080246382188170351e+01,1.600898452187382314e-08
3.089192708333333721e+05,7.407432963625830702e-01,-1.498840230026677656e+00,-1.034708686374629510e-02,-7.758180294751549582e+02,1.569811403582649064e+03,1.083702894222425250e+01,1.600898451933394191e-08
3.098697916666666861e+05,7.430923148348862473e-01,-1.503547650871007724e+00,-1.038008878342230878e-02,-7.782782756783021796e+02,1.574741724223135861e+03,1.087159352676746948e+01,1.600898451682598985e-08
3.108203125000000000e+05,7.454412969122186094e-01,-1.508254998074995745e+00,-1.041309019470520320e-02,-7.807384837631506116e+02,1.579671967736356692e+03,1.090615757884477510e+01,1.600898451434945411e-08
3.117708333333333721e+05,7.477902428209590724e-01,-1.512962272098895999e+00,-1.044609110074802560e-02,-7.831986539667979059e+02,1.584602134604359208e+03,1.094072110175853219e+01,1.600898451190385161e-08
3.127213541666666861e+05,7.501391527853769059e-01,-1.517669473398654656e+00,-1.047909150467456196e-02,-7.856587865241331201e+02,1.589532225304679287e+03,1.097528409878042410e+01,1.600898450948870260e-08
3.136718750000000000e+05,7.524880270276592675e-01,-1.522376602425962400e+00,-1.051209140957963875e-02,-7.881188816678635476e+02,1.594462240310395373e+03,1.100984657315183490e+01,1.600898450710353392e-08
3.146223958333333721e+05,7.548368657679356275e-01,-1.527083659628308832e+00,-1.054509081852954971e-02,-7.905789396285420025e+02,1.599392180090186230e+03,1.104440852808423124e+01,1.600898450474788236e-08
3.155729166666666861e+05,7.571856692243035258e-01,-1.531790645449033317e+00,-1.057808973456232302e-02,-7.930389606345935363e+02,1.604322045108383236e+03,1.107896996675951762e+01,1.600898450242128468e-08
3.165234375000000000e+05,7.595344376128541075e-01,-1.536497560327376055e+00,-1.061108816068814450e-02,-7.954989449123410168e+02,1.609251835825025637e+03,1.111353089233040592e+01,1.600898450012330415e-08
3.174739583333333721e+05,7.618831711476958812e-01,-1.541204404698529817e+00,-1.064408609988967691e-02,-7.979588926860315041e+02,1.614181552695911932e+03,1.114809130792077596e+01,1.600898449785349408e-08
3.184244791666666861e+05,7.642318700409798105e-01,-1.545911178993687907e+00,-1.067708355512234780e-02,-8.004188041778610341e+02,1.619111196172653763e+03,1.118265121662601480e+01,1.600898449561143095e-08
3.193750000000000000e+05,7.665805345029226281e-01,-1.550617883640094785e+00,-1.071008052931475205e-02,-8.028786796080001977e+02,1.624040766702725023e+03,1.121721062151337200e+01,1.600898449339668133e-08
3.203255208333333721e+05,7.689291647418292630e-01,-1.555324519061092259e+00,-1.074307702536890854e-02,-8.053385191946180157e+02,1.628970264729513474e+03,1.125176952562229360e+01,1.600898449120884155e-08
3.212760416666666861e+05,7.712777609641185972e-01,-1.560031085676168550e+00,-1.077607304616064188e-02,-8.077983231539067219e+02,1.633899690692370768e+03,1.128632793196476669e+01,1.600898448904749471e-08
3.222265625000000000e+05,7.736263233743432277e-01,-1.564737583901004703e+00,-1.080906859453984251e-02,-8.102580917001051830e+02,1.638829045026659969e+03,1.132088584352563920e+01,1.600898448691224377e-08
3.231770833333333721e+05,7.759748521752147798e-01,-1.569444014147519884e+00,-1.084206367333083107e-02,-8.127178250455230000e+02,1.643758328163805572e+03,1.135544326326294673e+01,1.600898448480269167e-08
3.241276041666666861e+05,7.783233475676234470e-01,-1.574150376823917119e+00,-1.087505828533261165e-02,-8.151775234005629045e+02,1.648687540531338982e+03,1.139000019410824471e+01,1.600898448271845460e-08
3.250781250000000000e+05,7.806718097506606391e-01,-1.578856672334727929e+00,-1.090805243331921873e-02,-8.176371869737438374e+02,1.653616682552946713e+03,1.142455663896691043e+01,1.600898448065915869e-08
3.260286458333333721e+05,7.830202389216416314e-01,-1.583562901080856289e+00,-1.094104612003997390e-02,-8.200968159717233448e+02,1.658545754648515867e+03,1.145911260071845561e+01,1.600898447862443335e-08
3.269791666666666861e+05,7.853686352761248823e-01,-1.588269063459621711e+00,-1.097403934821982244e-02,-8.225564105993202020e+02,1.663474757234178924e+03,1.149366808221684444e+01,1.600898447661390139e-08
3.279296875000000000e+05,7.877169990079342377e-01,-1.592975159864802093e+00,-1.100703212055957267e-02,-8.250159710595354454e+02,1.668403690722360125e+03,1.152822308629078130e+01,1.600898447462721208e-08
3.288802083333333721e+05,7.900653303091766944e-01,-1.597681190686675912e+00,-1.104002443973622211e-02,-8.274754975535740869e+02,1.673332555521817312e+03,1.156277761574401275e+01,1.600898447266401139e-08
3.298307291666666861e+05,7.924136293702688238e-01,-1.602387156312062855e+00,-1.107301630840322113e-02,-8.299349902808667139e+02,1.678261352037686947e+03,1.159733167335562953e+01,1.600898447072395853e-08
3.307812500000000000e+05,7.947618963799483183e-01,-1.607093057124366009e+00,-1.110600772919072624e-02,-8.323944494390894988e+02,1.683190080671525720e+03,1.163188526188034011e+01,1.600898446880670938e-08
3.317317708333333721e+05,7.971101315253001918e-01,-1.611798893503610275e+00,-1.113899870470592274e-02,-8.348538752241853445e+02,1.688118741821353751e+03,1.166643838404876554e+01,1.600898446691191984e-08
3.326822916666666861e+05,7.994583349917723236e-01,-1.616504665826483222e+00,-1.117198923753322942e-02,-8.373132678303840066e+02,1.693047335881694607e+03,1.170099104256771660e+01,1.600898446503926896e-08
3.336328125000000000e+05,8.018065069631974406e-01,-1.621210374466373949e+00,-1.120497933023463163e-02,-8.397726274502219894e+02,1.697975863243618051e+03,1.173554324012047445e+01,1.600898446318843910e-08
3.345833333333333721e+05,8.041546476218088824e-01,-1.625916019793411049e+00,-1.123796898534986863e-02,-8.422319542745620993e+02,1.702904324294778235e+03,1.177009497936705529e+01,1.600898446135911263e-08
3.355338541666666861e+05,8.065027571482621394e-01,-1.630621602174501250e+00,-1.127095820539676316e-02,-8.446912484926129991e+02,1.707832719419454861e+03,1.180464626294448038e+01,1.600898445955097191e-08
3.364843750000000000e+05,8.088508357216488420e-01,-1.635327121973365383e+00,-1.130394699287140189e-02,-8.471505102919478531e+02,1.712761048998591832e+03,1.183919709346704785e+01,1.600898445776371585e-08
3.374348958333333721e+05,8.111988835195200753e-01,-1.640032579550577019e+00,-1.133693535024845114e-02,-8.496097398585238807e+02,1.717689313409835677e+03,1.187374747352658666e+01,1.600898445599704004e-08
3.383854166666666861e+05,8.135469007178992573e-01,-1.644737975263597107e+00,-1.136992327998134419e-02,-8.520689373767003190e+02,1.722617513027573750e+03,1.190829740569271245e+01,1.600898445425064670e-08
3.393359375000000000e+05,8.158948874913041216e-01,-1.649443309466810836e+00,-1.140291078450256929e-02,-8.545281030292567266e+02,1.727545648222971295e+03,1.194284689251309040e+01,1.600898445252424797e-08
3.402864583333333721e+05,8.182428440127580416e-01,-1.654148582511562271e+00,-1.143589786622388818e-02,-8.569872369974110597e+02,1.732473719364009185e+03,1.197739593651367151e+01,1.600898445081754938e-08
3.412369791666666861e+05,8.205907704538135672e-01,-1.658853794746189436e+00,-1.146888452753654780e-02,-8.594463394608379758e+02,1.737401726815518941e+03,1.201194454019894486e+01,1.600898444913028621e-08
3.421875000000000000e+05,8.229386669845641933e-01,-1.663558946516057846e+00,-1.150187077081157166e-02,-8.619054105976853180e+02,1.742329670939220023e+03,1.204649270605218980e+01,1.600898444746218056e-08
3.431380208333333721e+05,8.252865337736625673e-01,-1.668264038163595586e+00,-1.153485659839991601e-02,-8.643644505845920776e+02,1.747257552093754384e+03,1.208104043653569803e+01,1.600898444581295116e-08
3.440885416666666861e+05,8.276343709883382527e-01,-1.672969070028325511e+00,-1.156784201263276815e-02,-8.668234595967052201e+02,1.752185370634721039e+03,1.211558773409102230e+01,1.600898444418233664e-08
3.450390625000000000e+05,8.299821787944106077e-01,-1.677674042446897440e+00,-1.160082701582169570e-02,-8.692824378076968515e+02,1.757113126914711529e+03,1.215013460113920019e+01,1.600898444257008221e-08
3.459895833333333721e+05,8.323299573563081033e-01,-1.682378955753122574e+00,-1.163381161025893451e-02,-8.717413853897797935e+02,1.762040821283342439e+03,1.218468104008099395e+01,1.600898444097591658e-08
3.469401041666666861e+05,8.346777068370792030e-01,-1.687083810278003693e+00,-1.166679579821754131e-02,-8.742003025137247505e+02,1.766968454087290183e+03,1.221922705329710546e+01,1.600898443939958826e-08
3.478906250000000000e+05,8.370254273984136795e-01,-1.691788606349767132e+00,-1.169977958195166784e-02,-8.766591893488762253e+02,1.771896025670322388e+03,1.225377264314840531e+01,1.600898443784085904e-08
3.488411458333333721e+05,8.393731192006521624e-01,-1.696493344293893646e+00,-1.173276296369671345e-02,-8.791180460631682081e+02,1.776823536373332217e+03,1.228831781197615491e+01,1.600898443629947083e-08
3.497916666666666861e+05,8.417207824028054564e-01,-1.701198024433149492e+00,-1.176574594566957149e-02,-8.815768728231397517e+02,1.781750986534368394e+03,1.232286256210221786e+01,1.600898443477519865e-08
3.507421875000000000e+05,8.440684171625658649e-01,-1.705902647087615076e+00,-1.179872853006883049e-02,-8.840356697939504329e+02,1.786678376488667936e+03,1.235740689582927310e+01,1.600898443326778441e-08
3.516927083333333721e+05,8.464160236363240664e-01,-1.710607212574717151e+00,-1.183171071907494765e-02,-8.864944371393961546e+02,1.791605706568687538e+03,1.239195081544103694e+01,1.600898443177700973e-08
3.526432291666666861e+05,8.487636019791819919e-01,-1.715311721209255236e+00,-1.186469251485047435e-02,-8.889531750219231299e+02,1.796532977104133124e+03,1.242649432320245495e+01,1.600898443030264300e-08
3.535937500000000000e+05,8.511111523449674809e-01,-1.720016173303433593e+00,-1.189767391954023659e-02,-8.914118836026433428e+02,1.801460188421991916e+03,1.246103742135991688e+01,1.600898442884445924e-08
3.545442708333333721e+05,8.534586748862491579e-01,-1.724720569166886763e+00,-1.193065493527155352e-02,-8.938705630413487597e+02,1.806387340846559709e+03,1.249558011214146269e+01,1.600898442740224007e-08
3.554947916666666861e+05,8.558061697543488666e-01,-1.729424909106709984e+00,-1.196363556415437623e-02,-8.963292134965265632e+02,1.811314434699473395e+03,1.253012239775697267e+01,1.600898442597575717e-08
3.564453125000000000e+05,8.581536370993538831e-01,-1.734129193427486060e+00,-1.199661580828156188e-02,-8.987878351253721121e+02,1.816241470299737102e+03,1.256466428039836636e+01,1.600898442456480542e-08
3.573958333333333721e+05,8.605010770701353451e-01,-1.738833422431312004e+00,-1.202959566972894301e-02,-9.012464280838037212e+02,1.821168447963753351e+03,1.259920576223980149e+01,1.600898442316917306e-08
3.583463541666666861e+05,8.628484898143540249e-01,-1.743537596417827240e+00,-1.206257515055562252e-02,-9.037049925264763033e+02,1.826095368005349201e+03,1.263374684543786763e+01,1.600898442178865163e-08
3.592968750000000000e+05,8.651958754784818684e-01,-1.748241715684239805e+00,-1.209555425280409158e-02,-9.061635286067952393e+02,1.831022230735805579e+03,1.266828753213176562e+01,1.600898442042303600e-08
3.602473958333333721e+05,8.675432342078071013e-01,-1.752945780525351882e+00,-1.212853297850040313e-02,-9.086220364769292246e+02,1.835949036463884340e+03,1.270282782444349579e+01,1.600898441907212102e-08
3.611979166666666861e+05,8.698905661464515493e-01,-1.757649791233587333e+00,-1.216151132965440085e-02,-9.110805162878240253e+02,1.840875785495855098e+03,1.273736772447805521e+01,1.600898441773571809e-08
3.621484375000000000e+05,8.722378714373812958e-01,-1.762353748099015682e+00,-1.219448930825983018e-02,-9.135389681892156659e+02,1.845802478135522733e+03,1.277190723432360286e+01,1.600898441641362870e-08
3.630989583333333721e+05,8.745851502224193386e-01,-1.767057651409377872e+00,-1.222746691629455346e-02,-9.159973923296427074e+02,1.850729114684252636e+03,1.280644635605164616e+01,1.600898441510566094e-08
3.640494791666666861e+05,8.769324026422589125e-01,-1.771761501450110909e+00,-1.226044415572068169e-02,-9.184557888564596624e+02,1.855655695440998443e+03,1.284098509171721858e+01,1.600898441381162621e-08
3.650000000000000000e+05,8.792796288364734814e-01,-1.776465298504373624e+00,-1.229342102848478974e-02,-9.209141579158490458e+02,1.860582220702325912e+03,1.287552344335905197e+01,1.600898441253134583e-08
