# N, dt, tmax
# 2, 1689.8148148148148, 365000
# t, xSun, ySun, zSun, xJup, yJup, zJup, E
0.000000000000000000e+00,-2.538538502120102781e-03,-4.054773079123795421e-03,7.363862678302768978e-05,2.658740144031779717e+00,4.246769529554976330e+00,-7.712546924771697399e-02,-2.712978880124756464e-08
1.697674418604651237e+03,1.642924966048989188e-02,2.500816893450049511e-03,-3.779669471628948067e-04,-1.720718656509797384e+01,-2.619232389792570448e+00,3.958639566427117895e-01,4.847961144583441511e-08
3.395348837209302474e+03,3.277123970681647402e-02,8.656714827513897065e-03,-7.691641081631876318e-04,-3.432298170992205399e+01,-9.066616562295266135e+00,8.055845873576259475e-01,4.606847674477600528e-08
5.093023255813954165e+03,4.849593347309110597e-02,1.464955033524592554e-02,-1.145872890116292342e-03,-5.079225114746814285e+01,-1.534321718414094171e+01,1.200130803754011266e+00,4.584077978351720136e-08
6.790697674418604947e+03,6.394702188622246319e-02,2.055973570912520559e-02,-1.516116862871909636e-03,-6.697495981966973488e+01,-2.153325412826402641e+01,1.587906097541773365e+00,4.578619484445372479e-08
8.488372093023255729e+03,7.924333513560014031e-02,2.642015900859899513e-02,-1.882691278722465602e-03,-8.299556461169487420e+01,-2.767117272761444724e+01,1.971838078239681824e+00,4.576681702856014445e-08
1.018604651162790833e+04,9.443991634573450922e-02,3.224733110365853028e-02,-2.246896225390896881e-03,-9.891171497997937934e+01,-3.377426565386999613e+01,2.353288393668656830e+00,4.575824148463958135e-08
1.188372093023255911e+04,1.095667913977708408e-01,3.805070142456229432e-02,-2.609442736626754831e-03,-1.147548585529496989e+02,-3.985242977467537173e+01,2.733001745542742000e+00,4.575386745624288318e-08
1.358139534883720989e+04,1.246421567829016364e-01,4.383618330563045229e-02,-2.970762493620219408e-03,-1.305440534388731066e+02,-4.591185842502587633e+01,3.111430255470019279e+00,4.575140336375725028e-08
1.527906976744186068e+04,1.396778828329206246e-01,4.960772417986009097e-02,-3.331137473557015290e-03,-1.462917320383755850e+02,-5.195668595173819426e+01,3.488869252460766290e+00,4.574990928389351160e-08
1.697674418604651146e+04,1.546821470328330062e-01,5.536809112482750372e-02,-3.690762128920213256e-03,-1.620064590463170191e+02,-5.798981045552164204e+01,3.865522396464367461e+00,4.574895052562005402e-08
1.867441860465116406e+04,1.696608247999183972e-01,6.111929946958473414e-02,-4.049776284370502563e-03,-1.776943880852526547e+02,-6.401334269272271627e+01,4.241536132940754378e+00,4.574830693271995696e-08
2.037209302325581666e+04,1.846182810964700494e-01,6.686286290624803008e-02,-4.408283886771859755e-03,-1.933600908016108804e+02,-7.002886802987886483e+01,4.617019330713413972e+00,4.574785875997650384e-08
2.206976744186046562e+04,1.995578482969849743e-01,7.259994748194092962e-02,-4.766364336383475259e-03,-2.090070573602415323e+02,-7.603760772729179962e+01,4.992055149701479344e+00,4.574753701797716430e-08
2.376744186046511822e+04,2.144821286914210812e-01,7.833147065612562632e-02,-5.124079666367206340e-03,-2.246380132714220679e+02,-8.204052268679565429e+01,5.366708560382080329e+00,4.574730002726310103e-08
2.546511627906976719e+04,2.293931936342932798e-01,8.405816738736750227e-02,-5.481479272952194740e-03,-2.402551279698083704e+02,-8.803838266777775345e+01,5.741031297931686872e+00,4.574712158393795080e-08
2.716279069767441979e+04,2.442927190407485627e-01,8.978063560481459870e-02,-5.838603135829676868e-03,-2.558601567263466734e+02,-9.403181391176552495e+01,6.115065235108953168e+00,4.574698464492041143e-08
2.886046511627907239e+04,2.591820801981961075e-01,9.549936833337796527e-02,-6.195484072858355867e-03,-2.714545399493041486e+02,-1.000213327887577179e+02,6.488844743722029129e+00,4.574687779618492725e-08
3.055813953488372135e+04,2.740624197351140823e-01,1.012147769159924271e-01,-6.552149357222083678e-03,-2.870394743714472270e+02,-1.060073701190758584e+02,6.862398388359832069e+00,4.574679319615327882e-08
3.225581395348837395e+04,2.889346973858726852e-01,1.069272081403469243e-01,-6.908621901981935529e-03,-3.026159651712656569e+02,-1.119902891110578764e+02,7.235750167033520697e+00,4.574672533540594352e-08
3.395348837209302292e+04,3.037997271098220597e-01,1.126369570957128918e-01,-7.264921143963161410e-03,-3.181848648496759324e+02,-1.179703988266664965e+02,7.608920436916140062e+00,4.574667026537784434e-08
3.565116279069767916e+04,3.186582052375279139e-01,1.183442769775835679e-01,-7.621063714210252540e-03,-3.337469027090019154e+02,-1.239479644503855269e+02,7.981926616544216202e+00,4.574662510551004583e-08
3.734883720930232812e+04,3.335107321291360671e-01,1.240493866708524129e-01,-7.977063954058396036e-03,-3.493027075368784153e+02,-1.299232152314670543e+02,8.354783726325575088e+00,4.574658772062646512e-08
3.904651162790697708e+04,3.483578290618567497e-01,1.297524766897757142e-01,-8.332934317638280436e-03,-3.648528252933700173e+02,-1.358963507051558395e+02,8.727504810103040356e+00,4.574655650511664664e-08
4.074418604651163332e+04,3.631999515554893421e-01,1.354537138845682553e-01,-8.688685689564382836e-03,-3.803977330674696304e+02,-1.418675456221454567e+02,9.100101267885486678e+00,4.574653023571846460e-08
4.244186046511628228e+04,3.780375000017758280e-01,1.411532452099137913e-01,-9.044327638403976827e-03,-3.959378502097590626e+02,-1.478369538955307405e+02,9.472583121318800536e+00,4.574650796930160821e-08
4.413953488372093125e+04,3.928708282272613261e-01,1.468512007713164425e-01,-9.399868620911841499e-03,-4.114735473007272617e+02,-1.538047117914059072e+02,9.844959227591241202e+00,4.574648897074265997e-08
4.583720930232558021e+04,4.077002504540943040e-01,1.525476963093446714e-01,-9.755316148086477096e-03,-4.270051534411696252e+02,-1.597709405307394377e+02,1.021723745335254740e+01,4.574647266127701692e-08
4.753488372093023645e+04,4.225260470057489171e-01,1.582428352418878414e-01,-1.011067692130995788e-02,-4.425329622280804642e+02,-1.657357484283327835e+02,1.058942481730009533e+01,4.574645858100997338e-08
4.923255813953488541e+04,4.373484690199765934e-01,1.639367103556112204e-01,-1.046595694481889174e-02,-4.580572366907661603e+02,-1.716992326643672584e+02,1.096152760797546399e+01,4.574644636136347372e-08
5.093023255813953438e+04,4.521677423694531739e-01,1.696294052165661925e-01,-1.082116161928226711e-02,-4.735782133971377448e+02,-1.776614807618075247e+02,1.133355148177323457e+01,4.574643570459056097e-08
5.262790697674419062e+04,4.669840709448708216e-01,1.753209953541512989e-01,-1.117629582017347356e-02,-4.890961058922599136e+02,-1.836225718264239219e+02,1.170550154502400986e+01,4.574642636838064562e-08
5.432558139534883958e+04,4.817976394210545243e-01,1.810115492607917154e-01,-1.153136396381037460e-02,-5.046111075954446505e+02,-1.895825775938077697e+02,1.207738242316150590e+01,4.574641815417490456e-08
5.602325581395348854e+04,4.966086156008747698e-01,1.867011292407406986e-01,-1.188637006332247080e-02,-5.201233942551500604e+02,-1.955415633183639557e+02,1.244919831933982479e+01,4.574641089821499562e-08
5.772093023255814478e+04,5.114171524120485479e-01,1.923897921345446571e-01,-1.224131777633554602e-02,-5.356331260403320584e+02,-2.014995885320799971e+02,1.282095306437598481e+01,4.574640446462603441e-08
5.941860465116279374e+04,5.262233896167819447e-01,1.980775899404197959e-01,-1.259621044580331098e-02,-5.511404493310382122e+02,-2.074567076953255196e+02,1.319265015951498299e+01,4.574639874002798901e-08
6.111627906976744271e+04,5.410274552824518857e-01,2.037645703496672733e-01,-1.295105113513569592e-02,-5.666454982587291624e+02,-2.134129707576192629e+02,1.356429281322143687e+01,4.574639362930569013e-08
6.281395348837209895e+04,5.558294670523483694e-01,2.094507772100203669e-01,-1.330584265855435343e-02,-5.821483960371898547e+02,-2.193684236429166106e+02,1.393588397297243731e+01,4.574638905226436119e-08
6.451162790697674791e+04,5.706295332482471672e-01,2.151362509282676583e-01,-1.366058760743346645e-02,-5.976492561173107561e+02,-2.253231086712969784e+02,1.430742635284561715e+01,4.574638494096742687e-08
6.620930232558140415e+04,5.854277538308508833e-01,2.208210288214623729e-01,-1.401528837324697227e-02,-6.131481831930067301e+02,-2.312770649268031775e+02,1.467892245755294134e+01,4.574638123760394884e-08
6.790697674418604583e+04,6.002242212395439980e-01,2.265051454244055296e-01,-1.436994716763399793e-02,-6.286452740807339978e+02,-2.372303285794839951e+02,1.505037460345625888e+01,4.574637789276981064e-08
6.960465116279070207e+04,6.150190211292241305e-01,2.321886327597796340e-01,-1.472456604000644230e-02,-6.441406184912118533e+02,-2.431829331683193800e+02,1.542178493700860109e+01,4.574637486407463961e-08
7.130232558139535831e+04,6.298122330189954710e-01,2.378715205762527707e-01,-1.507914689305147118e-02,-6.596342997088318043e+02,-2.491349098505983477e+02,1.579315545099076346e+01,4.574637211500653793e-08
7.300000000000000000e+04,6.446039308650856059e-01,2.435538365590049770e-01,-1.543369149642417198e-02,-6.751263951917024997e+02,-2.550862876224143747e+02,1.616448799885228738e+01,4.574636961400211984e-08
7.469767441860465624e+04,6.593941835683725383e-01,2.492356065164271772e-01,-1.578820149887819740e-02,-6.906169771032085691e+02,-2.610370935142044004e+02,1.653578430741649896e+01,4.574636733368103870e-08
7.639534883720931248e+04,6.741830554252823404e-01,2.549168545461575341e-01,-1.614267843904356250e-02,-7.061061127842586984e+02,-2.669873527646472553e+02,1.690704598816866877e+01,4.574636525021292252e-08
7.809302325581395417e+04,6.889706065294795012e-01,2.605976031831421236e-01,-1.649712375502886477e-02,-7.215938651739958232e+02,-2.729370889757351506e+02,1.727827454731287915e+01,4.574636334279155837e-08
7.979069767441861040e+04,7.037568931306570352e-01,2.662778735320067147e-01,-1.685153879299852026e-02,-7.370802931855770339e+02,-2.788863242514131571e+02,1.764947139475541249e+01,4.574636159319625510e-08
8.148837209302326664e+04,7.185419679558164852e-01,2.719576853856942589e-01,-1.720592481485369238e-02,-7.525654520426653562e+02,-2.848350793218343711e+02,1.802063785214936686e+01,4.574635998542446260e-08
8.318604651162790833e+04,7.333258804976454659e-01,2.776370573320439683e-01,-1.756028300512701978e-02,-7.680493935814635051e+02,-2.907833736549858372e+02,1.839177516011585922e+01,4.574635850538293568e-08
8.488372093023256457e+04,7.481086772739611312e-01,2.833160068497544426e-01,-1.791461447718583483e-02,-7.835321665224407752e+02,-2.967312255571952164e+02,1.876288448474097237e+01,4.574635714062693392e-08
8.658139534883720626e+04,7.628904020616329440e-01,2.889945503949755135e-01,-1.826892027882554004e-02,-7.990138167153331779e+02,-3.026786522638229826e+02,1.913396692343399152e+01,4.574635588013958947e-08
8.827906976744186250e+04,7.776710961079424944e-01,2.946727034796065570e-01,-1.862320139732370761e-02,-8.144943873605111548e+02,-3.086256700212681494e+02,1.950502351022079139e+01,4.574635471414423630e-08
8.997674418604651873e+04,7.924507983219439833e-01,3.003504807422365253e-01,-1.897745876401611687e-02,-8.299739192094010605e+02,-3.145722941612674504e+02,1.987605522053657126e+01,4.574635363394447316e-08
9.167441860465116042e+04,8.072295454480542531e-01,3.060278960125409342e-01,-1.933169325844804123e-02,-8.454524507462941756e+02,-3.205185391683417038e+02,2.024706297557372991e+01,4.574635263178736779e-08
9.337209302325581666e+04,8.220073722238170344e-01,3.117049623698478489e-01,-1.968590571214730647e-02,-8.609300183535825681e+02,-3.264644187411345797e+02,2.061804764623352781e+01,4.574635170074615605e-08
9.506976744186047290e+04,8.367843115235451545e-01,3.173816921964940918e-01,-2.004009691205965032e-02,-8.764066564622012265e+02,-3.324099458482955924e+02,2.098901005672414755e+01,4.574635083461925975e-08
9.676744186046511459e+04,8.515603944893272992e-01,3.230580972265194584e-01,-2.039426760368206332e-02,-8.918823976888397738e+02,-3.383551327794797317e+02,2.135995098784242074e+01,4.574635002784320105e-08
9.846511627906977083e+04,8.663356506507158272e-01,3.287341885901789995e-01,-2.074841849392554394e-02,-9.073572729612961894e+02,-3.442999911919678766e+02,2.173087117997208040e+01,4.574634927541726950e-08
1.001627906976744271e+05,8.811101080342451652e-01,3.344099768546976992e-01,-2.110255025373464904e-02,-9.228313116331813717e+02,-3.502445321533506899e+02,2.210177133582740794e+01,4.574634857283818134e-08
1.018604651162790688e+05,8.958837932638036294e-01,3.400854720616414140e-01,-2.145666352048843442e-02,-9.383045415890443337e+02,-3.561887661806694609e+02,2.247265212296781201e+01,4.574634791604334156e-08
1.035581395348837250e+05,9.106567316527591771e-01,3.457606837612363648e-01,-2.181075890020414687e-02,-9.537769893408594726e+02,-3.621327032763606439e+02,2.284351417610589507e+01,4.574634730136121306e-08
1.052558139534883812e+05,9.254289472886408907e-01,3.514356210439315564e-01,-2.216483696956295796e-02,-9.692486801167177646e+02,-3.680763529613125797e+02,2.321435809922910565e+01,4.574634672546815105e-08
1.069534883720930229e+05,9.402004631110847388e-01,3.571102925694654706e-01,-2.251889827777462175e-02,-9.847196379424635779e+02,-3.740197243053085003e+02,2.358518446755267917e+01,4.574634618535051818e-08
1.086511627906976792e+05,9.549713009836784394e-01,3.627847065936696813e-01,-2.287294334829622494e-02,-1.000189885716941376e+03,-3.799628259550997882e+02,2.395599382931977317e+01,4.574634567827145175e-08
1.103488372093023354e+05,9.697414817602685311e-01,3.684588709932197226e-01,-2.322697268041852905e-02,-1.015659445281442686e+03,-3.859056661603282237e+02,2.432678670746292582e+01,4.574634520174159470e-08
1.120465116279069771e+05,9.845110253462371341e-01,3.741327932885166185e-01,-2.358098675073193665e-02,-1.031128337483883570e+03,-3.918482527974912273e+02,2.469756360113945348e+01,4.574634475349349940e-08
1.137441860465116333e+05,9.992799507551932692e-01,3.798064806648676628e-01,-2.393498601448294794e-02,-1.046596582238181554e+03,-3.977905933921256860e+02,2.506832498715209567e+01,4.574634433145873786e-08
1.154418604651162896e+05,1.014048276161494622e+00,3.854799399921153835e-01,-2.428897090683068347e-02,-1.062064198579263348e+03,-4.037326951393661147e+02,2.543907132126507875e+01,4.574634393374788398e-08
1.171395348837209312e+05,1.028816018948951472e+00,3.911531778428490869e-01,-2.464294184401228521e-02,-1.077531204714074875e+03,-4.096745649230187496e+02,2.580980303942467202e+01,4.574634355863266629e-08
1.188372093023255875e+05,1.043583195756049964e+00,3.968262005093208256e-01,-2.499689922442493994e-02,-1.092997618068947077e+03,-4.156162093332783343e+02,2.618052055889246788e+01,4.574634320453015888e-08
1.205348837209302437e+05,1.058349822517984595e+00,4.024990140191738730e-01,-2.535084342963164067e-02,-1.108463455333617503e+03,-4.215576346832013428e+02,2.655122427929874007e+01,4.574634286998869948e-08
1.222325581395348854e+05,1.073115914505766488e+00,4.081716241500829012e-01,-2.570477482529699709e-02,-1.123928732502190542e+03,-4.274988470240398328e+02,2.692191458362257706e+01,4.574634255367536925e-08
1.239302325581395417e+05,1.087881486362652028e+00,4.138440364433960683e-01,-2.605869376205889598e-02,-1.139393464911291403e+03,-4.334398521595283569e+02,2.729259183910482633e+01,4.574634225436486886e-08
1.256279069767441979e+05,1.102646552138102587e+00,4.195162562168562870e-01,-2.641260057634119487e-02,-1.154857667275633958e+03,-4.393806556592091965e+02,2.766325639809926429e+01,4.574634197092939380e-08
1.273255813953488396e+05,1.117411125319482501e+00,4.251882885764801667e-01,-2.676649559111220905e-02,-1.170321353721218884e+03,-4.453212628708723173e+02,2.803390859886698294e+01,4.574634170232979345e-08
1.290232558139534958e+05,1.132175218861663391e+00,4.308601384276562474e-01,-2.712037911659318998e-02,-1.185784537816340162e+03,-4.512616789321801321e+02,2.840454876631844527e+01,4.574634144760751107e-08
1.307209302325581521e+05,1.146938845214708680e+00,4.365318104855260284e-01,-2.747425145092084048e-02,-1.201247232600581128e+03,-4.572019087815393164e+02,2.877517721270733730e+01,4.574634120587739723e-08
1.324186046511628083e+05,1.161702016349778877e+00,4.422033092847010849e-01,-2.782811288076724593e-02,-1.216709450611945158e+03,-4.631419571682790206e+02,2.914579423827987981e+01,4.574634097632118501e-08
1.341162790697674500e+05,1.176464743783394828e+00,4.478746391883690059e-01,-2.818196368192059376e-02,-1.232171203912268538e+03,-4.690818286621864672e+02,2.951640013188302802e+01,4.574634075818175932e-08
1.358139534883720917e+05,1.191227038600185084e+00,4.535458043968296771e-01,-2.853580411982954354e-02,-1.247632504111045591e+03,-4.750215276624490457e+02,2.988699517153462537e+01,4.574634055075777686e-08
1.375116279069767625e+05,1.205988911474226155e+00,4.592168089555087596e-01,-2.888963445011396083e-02,-1.263093362387777461e+03,-4.809610584060461633e+02,3.025757962495832487e+01,4.574634035339902074e-08
1.392093023255814041e+05,1.220750372689080265e+00,4.648876567624827816e-01,-2.924345491904449881e-02,-1.278553789512960975e+03,-4.869004249756311538e+02,3.062815375008588603e+01,4.574634016550202631e-08
1.409069767441860458e+05,1.235511432156625622e+00,4.705583515755531465e-01,-2.959726576399329678e-02,-1.294013795867809449e+03,-4.928396313069400776e+02,3.099871779552917062e+01,4.574633998650629597e-08
1.426046511627907166e+05,1.250272099434764916e+00,4.762288970189005877e-01,-2.995106721385775578e-02,-1.309473391462797963e+03,-4.987786811957608393e+02,3.136927200102405777e+01,4.574633981589072581e-08
1.443023255813953583e+05,1.265032383744088662e+00,4.818992965893479363e-01,-3.030485948945949026e-02,-1.324932585955119748e+03,-5.047175783044942250e+02,3.173981659784820764e+01,4.574633965317034313e-08
1.460000000000000000e+05,1.279792293983572860e+00,4.875695536622636217e-01,-3.065864280391993740e-02,-1.340391388665123031e+03,-5.106563261683339761e+02,3.211035180921452081e+01,4.574633949789351393e-08
1.476976744186046708e+05,1.294551838745370720e+00,4.932396714971221119e-01,-3.101241736301445576e-02,-1.355849808591806550e+03,-5.165949282010936940e+02,3.248087785064198130e+01,4.574633934963927609e-08
1.493953488372093125e+05,1.309311026328765060e+00,4.989096532427541586e-01,-3.136618336550629077e-02,-1.371307854427429220e+03,-5.225333877007029741e+02,3.285139493030540336e+01,4.574633920801493056e-08
1.510930232558139542e+05,1.324069864753334658e+00,5.045795019422996130e-01,-3.171994100346176015e-02,-1.386765534571303306e+03,-5.284717078543968682e+02,3.322190324936558170e+01,4.574633907265381795e-08
1.527906976744186250e+05,1.338828361771390529e+00,5.102492205378880152e-01,-3.207369046254784223e-02,-1.402222857142817475e+03,-5.344098917436170950e+02,3.359240300228096743e+01,4.574633894321336639e-08
1.544883720930232666e+05,1.353586524879726749e+00,5.159188118750624996e-01,-3.242743192231355154e-02,-1.417679829993743851e+03,-5.403479423486446649e+02,3.396289437710234438e+01,4.574633881937323197e-08
1.561860465116279083e+05,1.368344361330732450e+00,5.215882787069623383e-01,-3.278116555645588237e-02,-1.433136460719878414e+03,-5.462858625529827350e+02,3.433337755575141159e+01,4.574633870083371062e-08
1.578837209302325791e+05,1.383101878142908525e+00,5.272576236982847719e-01,-3.313489153307157958e-02,-1.448592756672051792e+03,-5.522236551475033366e+02,3.470385271428437335e+01,4.574633858731409033e-08
1.595813953488372208e+05,1.397859082110818552e+00,5.329268494290330116e-01,-3.348861001489533695e-02,-1.464048724966556847e+03,-5.581613228343752553e+02,3.507432002314156705e+01,4.574633847855134090e-08
1.612790697674418625e+05,1.412615979814524803e+00,5.385959583980708398e-01,-3.384232115952564429e-02,-1.479504372495024882e+03,-5.640988682307846602e+02,3.544477964738386788e+01,4.574633837429880369e-08
1.629767441860465333e+05,1.427372577628522432e+00,5.442649530264901392e-01,-3.419602511963874131e-02,-1.494959705933789110e+03,-5.700362938724643982e+02,3.581523174691685085e+01,4.574633827432500708e-08
1.646744186046511750e+05,1.442128881730221135e+00,5.499338356608072242e-01,-3.454972204319158025e-02,-1.510414731752763828e+03,-5.759736022170395700e+02,3.618567647670334253e+01,4.574633817841258788e-08
1.663720930232558167e+05,1.456884898107989379e+00,5.556026085759950828e-01,-3.490341207361444265e-02,-1.525869456223870657e+03,-5.819107956472051910e+02,3.655611398696512993e+01,4.574633808635731187e-08
1.680697674418604583e+05,1.471640632568792517e+00,5.612712739783648486e-01,-3.525709534999377920e-02,-1.541323885429039592e+03,-5.878478764737427582e+02,3.692654442337454412e+01,4.574633799796712757e-08
1.697674418604651291e+05,1.486396090745451426e+00,5.669398340083016130e-01,-3.561077200724600128e-02,-1.556778025267808971e+03,-5.937848469383860674e+02,3.729696792723635212e+01,4.574633791306140520e-08
1.714651162790697708e+05,1.501151278103537656e+00,5.726082907428668989e-01,-3.596444217628252948e-02,-1.572231881464550042e+03,-5.997217092165470831e+02,3.766738463566075268e+01,4.574633783147004997e-08
1.731627906976744125e+05,1.515906199947934851e+00,5.782766461982727924e-01,-3.631810598416687630e-02,-1.587685459575335699e+03,-6.056584654199067472e+02,3.803779468172779588e+01,4.574633775303285352e-08
1.748604651162790833e+05,1.530660861429077091e+00,5.839449023322366150e-01,-3.667176355426404744e-02,-1.603138764994477697e+03,-6.115951175988822115e+02,3.840819819464389440e+01,4.574633767759880578e-08
1.765581395348837250e+05,1.545415267548892579e+00,5.896130610462237964e-01,-3.702541500638271976e-02,-1.618591802960747827e+03,-6.175316677449741292e+02,3.877859529989078169e+01,4.574633760502549269e-08
1.782558139534883667e+05,1.560169423166455793e+00,5.952811241875823889e-01,-3.737906045691073709e-02,-1.634044578563302821e+03,-6.234681177930042395e+02,3.914898611936733630e+01,4.574633753517854706e-08
1.799534883720930375e+05,1.574923333003384496e+00,6.009490935515791055e-01,-3.773270001894416664e-02,-1.649497096747331398e+03,-6.294044696232460865e+02,3.951937077152480526e+01,4.574633746793107936e-08
1.816511627906976792e+05,1.589677001648972965e+00,6.066169708833388796e-01,-3.808633380241029098e-02,-1.664949362319434613e+03,-6.353407250634578531e+02,3.988974937149561129e+01,4.574633740316324107e-08
1.833488372093023208e+05,1.604430433565095404e+00,6.122847578796964951e-01,-3.843996191418495856e-02,-1.680401379952759953e+03,-6.412768858908204948e+02,4.026012203121624822e+01,4.574633734076174151e-08
1.850465116279069916e+05,1.619183633090881091e+00,6.179524561909616187e-01,-3.879358445820455664e-02,-1.695853154191896920e+03,-6.472129538337871963e+02,4.063048885954457035e+01,4.574633728061947734e-08
1.867441860465116333e+05,1.633936604447177254e+00,6.236200674226063390e-01,-3.914720153557281479e-02,-1.711304689457553195e+03,-6.531489305738500661e+02,4.100084996237163892e+01,4.574633722263507593e-08
1.884418604651162750e+05,1.648689351740810771e+00,6.292875931368736575e-01,-3.950081324466291066e-02,-1.726755990051017534e+03,-6.590848177472257703e+02,4.137120544272867306e+01,4.574633716671258432e-08
1.901395348837209458e+05,1.663441878968661358e+00,6.349550348543184786e-01,-3.985441968121490597e-02,-1.742207060158423474e+03,-6.650206169464684081e+02,4.174155540088909788e+01,4.574633711276115824e-08
1.918372093023255875e+05,1.678194190021550236e+00,6.406223940552764340e-01,-4.020802093842897051e-02,-1.757657903854827282e+03,-6.709563297220084905e+02,4.211189993446618729e+01,4.574633706069467163e-08
1.935348837209302292e+05,1.692946288687965151e+00,6.462896721812715350e-01,-4.056161710705444290e-02,-1.773108525108102640e+03,-6.768919575836274589e+02,4.248223913850632272e+01,4.574633701043147846e-08
1.952325581395349000e+05,1.707698178657615529e+00,6.519568706363613186e-01,-4.091520827547506789e-02,-1.788558927782670253e+03,-6.828275020018656960e+02,4.285257310557825861e+01,4.574633696189417447e-08
1.969302325581395417e+05,1.722449863524840197e+00,6.576239907884244840e-01,-4.126879452979050067e-02,-1.804009115643062842e+03,-6.887629644093722163e+02,4.322290192585856516e+01,4.574633691500928619e-08
1.986279069767441833e+05,1.737201346791865886e+00,6.632910339703941283e-01,-4.162237595389441103e-02,-1.819459092357341206e+03,-6.946983462021954665e+02,4.359322568721332658e+01,4.574633686970707896e-08
2.003255813953488541e+05,1.751952631871931176e+00,6.689580014814381359e-01,-4.197595262954922912e-02,-1.834908861500362718e+03,-7.006336487410196696e+02,4.396354447527647835e+01,4.574633682592130556e-08
2.020232558139534958e+05,1.766703722092275441e+00,6.746248945880907177e-01,-4.232952463645771324e-02,-1.850358426556913628e+03,-7.065688733523504652e+02,4.433385837352476955e+01,4.574633678358902746e-08
2.037209302325581375e+05,1.781454620697005664e+00,6.802917145253360998e-01,-4.268309205233161707e-02,-1.865807790924711981e+03,-7.125040213296496177e+02,4.470416746334965552e+01,4.574633674265038987e-08
2.054186046511628083e+05,1.796205330849843129e+00,6.859584624976494682e-01,-4.303665495295749127e-02,-1.881256957917283671e+03,-7.184390939344248181e+02,4.507447182412624187e+01,4.574633670304851585e-08
2.071162790697674500e+05,1.810955855636760203e+00,6.916251396799925066e-01,-4.339021341225974410e-02,-1.896705930766723895e+03,-7.243740923972732162e+02,4.544477153327930097e+01,4.574633666472926810e-08
2.088139534883720917e+05,1.825706198068505870e+00,6.972917472187710741e-01,-4.374376750236118327e-02,-1.912154712626343098e+03,-7.303090179188840239e+02,4.581506666634672342e+01,4.574633662764112318e-08
2.105116279069767625e+05,1.840456361083034453e+00,7.029582862327538040e-01,-4.409731729364113617e-02,-1.927603306573209238e+03,-7.362438716709997379e+02,4.618535729704033344e+01,4.574633659173501273e-08
2.122093023255814041e+05,1.855206347547831758e+00,7.086247578139521774e-01,-4.445086285479116911e-02,-1.943051715610586371e+03,-7.421786547973399593e+02,4.655564349730429541e+01,4.574633655696420437e-08
2.139069767441860458e+05,1.869956160262153055e+00,7.142911630284691782e-01,-4.480440425286867645e-02,-1.958499942670276141e+03,-7.481133684144882636e+02,4.692592533737123262e+01,4.574633652328418253e-08
2.156046511627907166e+05,1.884705801959171589e+00,7.199575029173111984e-01,-4.515794155334831861e-02,-1.973947990614869923e+03,-7.540480136127433752e+02,4.729620288581606502e+01,4.574633649065247647e-08
2.173023255813953583e+05,1.899455275308042257e+00,7.256237784971710791e-01,-4.551147482017146167e-02,-1.989395862239908638e+03,-7.599825914569393035e+02,4.766647620960783627e+01,4.574633645902860726e-08
2.190000000000000000e+05,1.914204582915886910e+00,7.312899907611786210e-01,-4.586500411579368108e-02,-2.004843560275963682e+03,-7.659171029872313738e+02,4.803674537415943746e+01,4.574633642837396212e-08
2.206976744186046708e+05,1.928953727329702605e+00,7.369561406796243386e-01,-4.621852950123049586e-02,-2.020291087390633265e+03,-7.718515492198539505e+02,4.840701044337550485e+01,4.574633639865166203e-08
2.223953488372093125e+05,1.943702711038195252e+00,7.426222292006539050e-01,-4.657205103610127794e-02,-2.035738446190466220e+03,-7.777859311478481459e+02,4.877727147969844879e+01,4.574633636982653526e-08
2.240930232558139542e+05,1.958451536473547527e+00,7.482882572509378383e-01,-4.692556877867155168e-02,-2.051185639222810551e+03,-7.837202497417630411e+02,4.914752854415269212e+01,4.574633634186499829e-08
2.257906976744186250e+05,1.973200206013116631e+00,7.539542257363148758e-01,-4.727908278589369739e-02,-2.066632668977594221e+03,-7.896545059503292805e+02,4.951778169638737381e+01,4.574633631473491019e-08
2.274883720930232666e+05,1.987948721981072753e+00,7.596201355424119228e-01,-4.763259311344613528e-02,-2.082079537889036146e+03,-7.955887007011091328e+02,4.988803099471730462e+01,4.574633628840559247e-08
2.291860465116279083e+05,2.002697086649971148e+00,7.652859875352419072e-01,-4.798609981577103833e-02,-2.097526248337300331e+03,-8.015228349011216551e+02,5.025827649616254433e+01,4.574633626284772986e-08
2.308837209302325791e+05,2.017445302242272032e+00,7.709517825617777653e-01,-4.833960294611067132e-02,-2.112972802650082031e+03,-8.074569094374446649e+02,5.062851825648642290e+01,4.574633623803323131e-08
2.325813953488372208e+05,2.032193370931802079e+00,7.766175214505076640e-01,-4.869310255654241831e-02,-2.128419203104139797e+03,-8.133909251777959071e+02,5.099875633023221866e+01,4.574633621393525646e-08
2.342790697674418625e+05,2.046941294845162851e+00,7.822832050119684633e-01,-4.904659869801254041e-02,-2.143865451926772494e+03,-8.193248829710915970e+02,5.136899077075853626e+01,4.574633619052817594e-08
2.359767441860465333e+05,2.061689076063091708e+00,7.879488340392614143e-01,-4.940009142036867751e-02,-2.159311551297239930e+03,-8.252587836479870020e+02,5.173922163027332743e+01,4.574633616778733978e-08
2.376744186046511750e+05,2.076436716621767875e+00,7.936144093085483187e-01,-4.975358077239122601e-02,-2.174757503348137561e+03,-8.311926280213956488e+02,5.210944895986681047e+01,4.574633614568924280e-08
2.393720930232558167e+05,2.091184218514080317e+00,7.992799315795310333e-01,-5.010706680182364786e-02,-2.190203310166717529e+03,-8.371264168869919331e+02,5.247967280954309643e+01,4.574633612421131952e-08
2.410697674418604875e+05,2.105931583690842324e+00,8.049454015959134345e-01,-5.046054955540159315e-02,-2.205648973796167411e+03,-8.430601510236947433e+02,5.284989322825080649e+01,4.574633610333197061e-08
2.427674418604651291e+05,2.120678814061971895e+00,8.106108200858479496e-01,-5.081402907888109277e-02,-2.221094496236839859e+03,-8.489938311941348275e+02,5.322011026391258781e+01,4.574633608303048345e-08
2.444651162790697708e+05,2.135425911497625506e+00,8.162761877623661011e-01,-5.116750541706582139e-02,-2.236539879447444491e+03,-8.549274581451065842e+02,5.359032396345355664e+01,4.574633606328695940e-08
2.461627906976744416e+05,2.150172877829293672e+00,8.219415053237946189e-01,-5.152097861383325705e-02,-2.251985125346194764e+03,-8.608610326080024606e+02,5.396053437282885312e+01,4.574633604408240638e-08
2.478604651162790833e+05,2.164919714850860988e+00,8.276067734541565635e-01,-5.187444871216011222e-02,-2.267430235811917555e+03,-8.667945552992349576e+02,5.433074153705015163e+01,4.574633602539854039e-08
2.495581395348837250e+05,2.179666424319630202e+00,8.332719928235599038e-01,-5.222791575414677950e-02,-2.282875212685124552e+03,-8.727280269206421508e+02,5.470094550021133273e+01,4.574633600721782521e-08
2.512558139534883958e+05,2.194413007957306316e+00,8.389371640885729953e-01,-5.258137978104104882e-02,-2.298320057769045434e+03,-8.786614481598812745e+02,5.507114630551330947e+01,4.574633598952341282e-08
2.529534883720930375e+05,2.209159467450958925e+00,8.446022878925858457e-01,-5.293484083326095713e-02,-2.313764772830631955e+03,-8.845948196908072987e+02,5.544134399528792301e+01,4.574633597229915004e-08
2.546511627906976792e+05,2.223905804453937485e+00,8.502673648661616124e-01,-5.328829895041690273e-02,-2.329209359601522010e+03,-8.905281421738408199e+02,5.581153861102117020e+01,4.574633595552954543e-08
2.563488372093023499e+05,2.238652020586768376e+00,8.559323956273745537e-01,-5.364175417133303092e-02,-2.344653819778975503e+03,-8.964614162563228774e+02,5.618173019337554308e+01,4.574633593919968327e-08
2.580465116279069916e+05,2.253398117438018655e+00,8.615973807821386554e-01,-5.399520653406790494e-02,-2.360098155026779295e+03,-9.023946425728574923e+02,5.655191878221170043e+01,4.574633592329525663e-08
2.597441860465116333e+05,2.268144096565129608e+00,8.672623209245238218e-01,-5.434865607593454551e-02,-2.375542366976120320e+03,-9.083278217456445418e+02,5.692210441660946429e+01,4.574633590780246155e-08
2.614418604651163041e+05,2.282889959495226773e+00,8.729272166370636299e-01,-5.470210283351971403e-02,-2.390986457226434140e+03,-9.142609543848003568e+02,5.729228713488800651e+01,4.574633589270808958e-08
2.631395348837209167e+05,2.297635707725899756e+00,8.785920684910504264e-01,-5.505554684270272392e-02,-2.406430427346222132e+03,-9.201940410886693371e+02,5.766246697462555204e+01,4.574633587799938892e-08
2.648372093023256166e+05,2.312381342725958966e+00,8.842568770468253181e-01,-5.540898813867349559e-02,-2.421874278873845924e+03,-9.261270824441241984e+02,5.803264397267827945e+01,4.574633586366415038e-08
2.665348837209302583e+05,2.327126865936172351e+00,8.899216428540541735e-01,-5.576242675595016046e-02,-2.437318013318292742e+03,-9.320600790268583751e+02,5.840281816519880209e+01,4.574633584969056844e-08
2.682325581395349000e+05,2.341872278769970173e+00,8.955863664519978506e-01,-5.611586272839604039e-02,-2.452761632159920737e+03,-9.379930314016671673e+02,5.877298958765387482e+01,4.574633583606734051e-08
2.699302325581395417e+05,2.356617582614136008e+00,9.012510483697737662e-01,-5.646929608923609983e-02,-2.468205136851177940e+03,-9.439259401227222952e+02,5.914315827484169574e+01,4.574633582278349485e-08
2.716279069767441833e+05,2.371362778829470219e+00,9.069156891266090259e-01,-5.682272687107293302e-02,-2.483648528817299848e+03,-9.498588057338358794e+02,5.951332426090861105e+01,4.574633580982856267e-08
2.733255813953488250e+05,2.386107868751435213e+00,9.125802892320837856e-01,-5.717615510590215444e-02,-2.499091809456985629e+03,-9.557916287687173735e+02,5.988348757936525146e+01,4.574633579719241267e-08
2.750232558139535249e+05,2.400852853690784272e+00,9.182448491863699491e-01,-5.752958082512742849e-02,-2.514534980143051598e+03,-9.617244097512226517e+02,6.025364826310228494e+01,4.574633578486532381e-08
2.767209302325581666e+05,2.415597734934162411e+00,9.239093694804616508e-01,-5.788300405957498562e-02,-2.529978042223067860e+03,-9.676571491955945703e+02,6.062380634440556548e+01,4.574633577283787286e-08
2.784186046511628083e+05,2.430342513744699673e+00,9.295738505963986320e-01,-5.823642483950765281e-02,-2.545420997019972674e+03,-9.735898476066976173e+02,6.099396185497088396e+01,4.574633576110101376e-08
2.801162790697674500e+05,2.445087191362574686e+00,9.352382930074816247e-01,-5.858984319463854396e-02,-2.560863845832669995e+03,-9.795225054802435807e+02,6.136411482591831401e+01,4.574633574964603797e-08
2.818139534883720917e+05,2.459831769005573321e+00,9.409026971784832938e-01,-5.894325915414428546e-02,-2.576306589936607452e+03,-9.854551233030126696e+02,6.173426528780599654e+01,4.574633573846450823e-08
2.835116279069767334e+05,2.474576247869619827e+00,9.465670635658516296e-01,-5.929667274667786703e-02,-2.591749230584337965e+03,-9.913877015530657673e+02,6.210441327064366845e+01,4.574633572754834466e-08
2.852093023255814333e+05,2.489320629129301743e+00,9.522313926179075683e-01,-5.965008400038106923e-02,-2.607191769006065897e+03,-9.973202406999523646e+02,6.247455880390565142e+01,4.574633571688969233e-08
2.869069767441860749e+05,2.504064913938370385e+00,9.578956847750370596e-01,-6.000349294289659963e-02,-2.622634206410174556e+03,-1.003252741204911104e+03,6.284470191654353499e+01,4.574633570648101398e-08
2.886046511627907166e+05,2.518809103430234231e+00,9.635599404698771409e-01,-6.035689960137979870e-02,-2.638076543983739157e+03,-1.009185203521064523e+03,6.321484263699850459e+01,4.574633569631500396e-08
2.903023255813953583e+05,2.533553198718432764e+00,9.692241601274969032e-01,-6.071030400251001963e-02,-2.653518782893026582e+03,-1.015117628093609142e+03,6.358498099321319330e+01,4.574633568638465438e-08
2.920000000000000000e+05,2.548297200897097436e+00,9.748883441655729065e-01,-6.106370617250175131e-02,-2.668960924283976055e+03,-1.021050015359998497e+03,6.395511701264336324e+01,4.574633567668312944e-08
2.936976744186046417e+05,2.563041111041402864e+00,9.805524929945594881e-01,-6.141710613711529043e-02,-2.684402969282672530e+03,-1.026982365750122426e+03,6.432525072226907525e+01,4.574633566720392417e-08
2.953953488372093416e+05,2.577784930207999814e+00,9.862166070178539634e-01,-6.177050392166719139e-02,-2.699844918995800072e+03,-1.032914679686479985e+03,6.469538214860565972e+01,4.574633565794069906e-08
2.970930232558139833e+05,2.592528659435440197e+00,9.918806866319593851e-01,-6.212389955104045264e-02,-2.715286774511087060e+03,-1.038846957584347820e+03,6.506551131771432495e+01,4.574633564888729990e-08
2.987906976744186250e+05,2.607272299744587407e+00,9.975447322266381978e-01,-6.247729304969432129e-02,-2.730728536897734102e+03,-1.044779199851944668e+03,6.543563825521248134e+01,4.574633564003785701e-08
3.004883720930232666e+05,2.622015852139014669e+00,1.003208744185065893e+00,-6.283068444167382027e-02,-2.746170207206836039e+03,-1.050711406890589615e+03,6.580576298628369614e+01,4.574633563138664630e-08
3.021860465116279083e+05,2.636759317605395836e+00,1.008872722883978890e+00,-6.318407375061914355e-02,-2.761611786471785763e+03,-1.056643579094857387e+03,6.617588553568758414e+01,4.574633562292812897e-08
3.038837209302325500e+05,2.651502697113882423e+00,1.014536668693816424e+00,-6.353746099977466977e-02,-2.777053275708671208e+03,-1.062575716852728419e+03,6.654600592776910162e+01,4.574633561465698459e-08
3.055813953488372499e+05,2.666245991618466427e+00,1.020200581978861543e+00,-6.389084621199764280e-02,-2.792494675916659162e+03,-1.068507820545734148e+03,6.691612418646785443e+01,4.574633560656806479e-08
3.072790697674418916e+05,2.680989202057344478e+00,1.025864463097375667e+00,-6.424422940976690088e-02,-2.807935988078367700e+03,-1.074439890549100710e+03,6.728624033532705084e+01,4.574633559865636678e-08
3.089767441860465333e+05,2.695732329353258017e+00,1.031528312401732927e+00,-6.459761061519109226e-02,-2.823377213160232259e+03,-1.080371927231886502e+03,6.765635439750215596e+01,4.574633559091707306e-08
3.106744186046511750e+05,2.710475374413835681e+00,1.037192130238545174e+00,-6.495098985001671044e-02,-2.838818352112857610e+03,-1.086303930957116563e+03,6.802646639576944665e+01,4.574633558334549187e-08
3.123720930232558167e+05,2.725218338131917495e+00,1.042855916948789874e+00,-6.530436713563607387e-02,-2.854259405871361650e+03,-1.092235902081913082e+03,6.839657635253414014e+01,4.574633557593711672e-08
3.140697674418604583e+05,2.739961221385879053e+00,1.048519672867928909e+00,-6.565774249309488941e-02,-2.869700375355711003e+03,-1.098167840957623184e+03,6.876668428983849424e+01,4.574633556868757348e-08
3.157674418604651582e+05,2.754704025039938831e+00,1.054183398326030252e+00,-6.601111594309976016e-02,-2.885141261471044800e+03,-1.104099747929943078e+03,6.913679022936956642e+01,4.574633556159262037e-08
3.174651162790697999e+05,2.769446749944461938e+00,1.059847093647879879e+00,-6.636448750602537416e-02,-2.900582065107994367e+03,-1.110031623339037651e+03,6.950689419246680245e+01,4.574633555464814796e-08
3.191627906976744416e+05,2.784189396936255001e+00,1.065510759153095233e+00,-6.671785720192166536e-02,-2.916022787142989728e+03,-1.115963467519659162e+03,6.987699620012951129e+01,4.574633554785020563e-08
3.208604651162790833e+05,2.798931966838853924e+00,1.071174395156234915e+00,-6.707122505052050265e-02,-2.931463428438561550e+03,-1.121895280801260014e+03,7.024709627302391368e+01,4.574633554119494204e-08
3.225581395348837250e+05,2.813674460462800120e+00,1.076838001966904157e+00,-6.742459107124258721e-02,-2.946903989843630825e+03,-1.127827063508105539e+03,7.061719443149027597e+01,4.574633553467864478e-08
3.242558139534883667e+05,2.828416878605914953e+00,1.082501579889857846e+00,-6.777795528320387786e-02,-2.962344472193796719e+03,-1.133758815959381309e+03,7.098729069554967452e+01,4.574633552829768751e-08
3.259534883720930666e+05,2.843159222053564861e+00,1.088165129225102001e+00,-6.813131770522180830e-02,-2.977784876311613061e+03,-1.139690538469299327e+03,7.135738508491061793e+01,4.574633552204855636e-08
3.276511627906977083e+05,2.857901491578918041e+00,1.093828650267993030e+00,-6.848467835582172647e-02,-2.993225203006858010e+03,-1.145622231347200113e+03,7.172747761897561247e+01,4.574633551592790290e-08
3.293488372093023499e+05,2.872643687943195356e+00,1.099492143309330983e+00,-6.883803725324269540e-02,-3.008665453076797803e+03,-1.151553894897653890e+03,7.209756831684737222e+01,4.574633550993245811e-08
3.310465116279069916e+05,2.887385811895916810e+00,1.105155608635454145e+00,-6.919139441544346070e-02,-3.024105627306441420e+03,-1.157485529420557441e+03,7.246765719733498656e+01,4.574633550405897284e-08
3.327441860465116333e+05,2.902127864175140015e+00,1.110819046528329634e+00,-6.954474986010814042e-02,-3.039545726468794328e+03,-1.163417135211229379e+03,7.283774427895993142e+01,4.574633549830438981e-08
3.344418604651162750e+05,2.916869845507691128e+00,1.116482457265643102e+00,-6.989810360465183170e-02,-3.054985751325099045e+03,-1.169348712560503600e+03,7.320782957996189566e+01,4.574633549266571795e-08
3.361395348837209167e+05,2.931611756609394437e+00,1.122145841120882892e+00,-7.025145566622596760e-02,-3.070425702625073882e+03,-1.175280261754818184e+03,7.357791311830450809e+01,4.574633548714003235e-08
3.378372093023256166e+05,2.946353598185289524e+00,1.127809198363425081e+00,-7.060480606172368778e-02,-3.085865581107143953e+03,-1.181211783076304982e+03,7.394799491168078021e+01,4.574633548172455367e-08
3.395348837209302583e+05,2.961095370929851089e+00,1.133472529258616968e+00,-7.095815480778497331e-02,-3.101305387498666278e+03,-1.187143276802875107e+03,7.431807497751860581e+01,4.574633547641652906e-08
3.412325581395349000e+05,2.975837075527196340e+00,1.139135834067854791e+00,-7.131150192080169814e-02,-3.116745122516151696e+03,-1.193074743208302380e+03,7.468815333298600478e+01,4.574633547121330493e-08
3.429302325581395417e+05,2.990578712651289717e+00,1.144799113048662997e+00,-7.166484741692247251e-02,-3.132184786865478145e+03,-1.199006182562304957e+03,7.505822999499625325e+01,4.574633546611231370e-08
3.446279069767441833e+05,3.005320282966145840e+00,1.150462366454770180e+00,-7.201819131205750013e-02,-3.147624381242101208e+03,-1.204937595130625823e+03,7.542830498021294261e+01,4.574633546111104075e-08
3.463255813953488250e+05,3.020061787126019581e+00,1.156125594536183243e+00,-7.237153362188328276e-02,-3.163063906331256021e+03,-1.210868981175110093e+03,7.579837830505481122e+01,4.574633545620709056e-08
3.480232558139535249e+05,3.034803225775601909e+00,1.161788797539260454e+00,-7.272487436184704723e-02,-3.178503362808159181e+03,-1.216800340953780733e+03,7.616844998570056191e+01,4.574633545139808086e-08
3.497209302325581666e+05,3.049544599550201962e+00,1.167451975706780498e+00,-7.307821354717128348e-02,-3.193942751338202015e+03,-1.222731674720913134e+03,7.653852003809349469e+01,4.574633544668172862e-08
3.514186046511628083e+05,3.064285909075928238e+00,1.173115129278013535e+00,-7.343155119285815768e-02,-3.209382072577140661e+03,-1.228662982727106055e+03,7.690858847794609687e+01,4.574633544205581699e-08
3.531162790697674500e+05,3.079027154969867119e+00,1.178778258488787145e+00,-7.378488731369356457e-02,-3.224821327171280700e+03,-1.234594265219354156e+03,7.727865532074440580e+01,4.574633543751817547e-08
3.548139534883720917e+05,3.093768337840253402e+00,1.184441363571552275e+00,-7.413822192425134627e-02,-3.240260515757657231e+03,-1.240525522441115072e+03,7.764872058175238578e+01,4.574633543306672616e-08
3.565116279069767334e+05,3.108509458286641713e+00,1.190104444755448077e+00,-7.449155503889748342e-02,-3.255699638964214046e+03,-1.246456754632378079e+03,7.801878427601617716e+01,4.574633542869943752e-08
3.582093023255814333e+05,3.123250516900068163e+00,1.195767502266363635e+00,-7.484488667179373111e-02,-3.271138697409973247e+03,-1.252387962029727760e+03,7.838884641836814637e+01,4.574633542441431769e-08
3.599069767441860749e+05,3.137991514263212434e+00,1.201430536326999921e+00,-7.519821683690172676e-02,-3.286577691705204870e+03,-1.258319144866410397e+03,7.875890702343103555e+01,4.574633542020942777e-08
3.616046511627907166e+05,3.152732450950554099e+00,1.207093547156929070e+00,-7.555154554798659827e-02,-3.302016622451590592e+03,-1.264250303372394910e+03,7.912896610562175681e+01,4.574633541608292148e-08
3.633023255813953583e+05,3.167473327528524951e+00,1.212756534972652123e+00,-7.590487281862073887e-02,-3.317455490242383348e+03,-1.270181437774434471e+03,7.949902367915534285e+01,4.574633541203297902e-08
3.650000000000000000e+05,3.182214144555661317e+00,1.218419499987658305e+00,-7.625819866218726262e-02,-3.332894295662566037e+03,-1.276112548296126306e+03,7.986907975804864179e+01,4.574633540805781370e-08
