# N, dt, tmax
# 3, 2253.0864197530864, 365000
# t, xSun, ySun, zSun, xJup, yJup, zJup, xSat, ySat, zSat E
0.000000000000000000e+00,-5.170151348210463502e-03,-3.199338259971517759e-03,1.635266715080669990e-04,2.656108531185689348e+00,4.247624964374128176e+00,-7.703558120299193457e-02,9.214417335570990630e+00,-2.995248118946571392e+00,-3.147370095891919850e-01,-3.155910129732769618e-08
2.267080745341615057e+03,2.516184765321144087e-02,7.469966197283892106e-03,-5.269602958280783251e-04,-2.779149290359682922e+01,-1.123784612038547337e+01,6.685391947003683777e-01,4.803553560057982175e+00,1.140314443627856988e+01,-3.895275540626382815e-01,9.225103538890783691e-08
4.534161490683230113e+03,5.510374130537937232e-02,2.013235729074852598e-02,-1.270349247542155438e-03,-5.669292631145728478e+01,-2.609818974068791420e+01,1.376922546058063634e+00,-3.406800967093695842e+00,1.674164232610237590e+01,-1.550447063652116431e-01,9.074482084200806175e-08
6.801242236024845624e+03,8.441346570806423921e-02,3.408318545843284225e-02,-2.018896442154669273e-03,-8.524486093920968699e+01,-4.079765170332805013e+01,2.076817587647600494e+00,-1.057307493586670155e+01,1.703573096648035801e+01,1.258326429657426193e-01,9.057974671128417767e-08
9.068322981366460226e+03,1.130122549536448084e-01,4.886852319927007665e-02,-2.757128273232553519e-03,-1.136454328237922624e+02,-5.542467236044917911e+01,2.773024983662617515e+00,-1.575797442129708337e+01,1.416867710414938486e+01,3.829424181667296923e-01,9.054080287871661135e-08
1.133540372670807483e+04,1.408199623916780718e-01,6.424688612626212880e-02,-3.476127172149668949e-03,-1.419617471033271272e+02,-7.001059994794991326e+01,3.467176437397707645e+00,-1.845701149086079695e+01,9.089917088330233597e+00,5.796403312229746474e-01,9.053207951601136139e-08
1.360248447204969125e+04,1.676734630106878343e-01,8.003822996706086434e-02,-4.165562755608608926e-03,-1.702244126956618402e+02,-8.457006935524935898e+01,4.160017615985150741e+00,-1.799732750200040954e+01,2.478142346652902006e+00,6.772992480573230001e-01,9.054438476872444356e-08
1.586956521739130585e+04,1.932259531988881895e-01,9.597903274786101502e-02,-4.806654277344992940e-03,-1.984499272770156892e+02,-9.911108137959634234e+01,4.851950886247303529e+00,-1.311066965427078479e+01,-4.718100386316297801e+00,6.088784785564422819e-01,9.060810483111753551e-08
1.813664596273292045e+04,2.167407218137987757e-01,1.111788980387972414e-01,-5.354313149857898094e-03,-2.266481925368478016e+02,-1.136384843649042722e+02,5.543217933621805926e+00,-1.186882364507931165e+00,-9.367927911394364315e+00,2.158467100959659823e-01,8.995150597749275145e-08
2.040372670807453687e+04,2.395510889526340503e-01,1.217460902215868196e-01,-5.793611849573438236e-03,-2.548256162727221295e+02,-1.281554376938487394e+02,6.233975252530163047e+00,1.313135763948060131e+01,2.152867156829962436e+00,-5.545366138098977160e-01,9.322688055411798873e-08
2.267080745341614966e+04,2.648297706899699899e-01,1.326967432893852439e-01,-6.338259341955522659e-03,-2.829865830135217379e+02,-1.426641145553253693e+02,6.924329973106178038e+00,1.876023684020844584e+01,1.230463723683432242e+01,-9.550553505667779275e-01,9.275551087611224631e-08
2.493788819875776608e+04,2.908254723124565899e-01,1.441212299518952189e-01,-6.920027398982413550e-03,-3.111342247834605246e+02,-1.571660738078816451e+02,7.614358649422261038e+00,2.183640874713591629e+01,2.077645663809455456e+01,-1.224633910167092665e+00,9.269022635756458657e-08
2.720496894409938250e+04,3.171583324717334174e-01,1.558733394508725334e-01,-7.521187776103386777e-03,-3.392708567808846851e+02,-1.716624716142088687e+02,8.304117886080168986e+00,2.369639652320104517e+01,2.808364578884776108e+01,-1.425476406573257471e+00,9.267344621617591264e-08
2.947204968944099528e+04,3.436896944983028890e-01,1.678686503352077308e-01,-8.134706740849182577e-03,-3.673982387508971215e+02,-1.861541891688264343e+02,8.993650717155963648e+00,2.483111161949875623e+01,3.452446196276641643e+01,-1.582331225326752744e+00,9.266727683920485457e-08
3.173913043478261170e+04,3.703532700332554661e-01,1.800562042128668883e-01,-8.757024647944661871e-03,-3.955177395499122781e+02,-2.006419135046102440e+02,9.682990624085414666e+00,2.547700882081110052e+01,4.027945703361632468e+01,-1.707762164710715735e+00,9.266446617378650231e-08
3.400621118012422812e+04,3.971119783789517355e-01,1.924027703765149588e-01,-9.386060497153469323e-03,-4.236304449626872497e+02,-2.151261906450764343e+02,1.037216416889417481e+01,2.576742633704968100e+01,4.546669881238868527e+01,-1.809137473904220084e+00,9.266299158472223014e-08
3.627329192546584090e+04,4.239428387696888567e-01,2.048853091173958862e-01,-1.002047726839058045e-02,-4.517372307396411770e+02,-2.296074617316289448e+02,1.106119277848530835e+01,2.578567799423915119e+01,5.016825574333122972e+01,-1.891205738900224809e+00,9.266213722687423476e-08
3.854037267080745369e+04,4.508305412244180133e-01,2.174870885160628819e-01,-1.065935703889290403e-02,-4.798388135022714778e+02,-2.440860882758507557e+02,1.175009398854100873e+01,2.558771301436219403e+01,5.444386507446255052e+01,-1.957236507594939168e+00,9.266160465495736625e-08
4.080745341614907375e+04,4.777643210111534033e-01,2.301955213132176881e-01,-1.130203797292969256e-02,-5.079357871050719382e+02,-2.585623702422477095e+02,1.243888233222792472e+01,2.521317087801534029e+01,5.833856008107874658e+01,-2.009593483255352808e+00,9.266125362137098518e-08
4.307453416149068653e+04,5.047362848038703387e-01,2.430008781145630292e-01,-1.194802462259419475e-02,-5.360286491708859558e+02,-2.730365592730340154e+02,1.312756998885264892e+01,2.469132521075970033e+01,6.188721556559641357e+01,-2.050050467213858862e+00,9.266101191822861938e-08
4.534161490683229931e+04,5.317404457502511450e-01,2.558954797231212663e-01,-1.259693496756357500e-02,-5.641178208232596489e+02,-2.875088685413535927e+02,1.381616726629524905e+01,2.404452511137561643e+01,6.511740606386696584e+01,-2.079978230043257437e+00,9.266083959708102539e-08
4.760869565217391937e+04,5.587721339277001986e-01,2.688731674926223558e-01,-1.324846736093705443e-02,-5.922036616068697867e+02,-3.019794802144637060e+02,1.450468296584878125e+01,2.329030726527083672e+01,6.805128352518769930e+01,-2.100461356650591416e+00,9.266071323768712255e-08
4.987577639751553215e+04,5.858276187504847243e-01,2.819289432702255516e-01,-1.390237895169428757e-02,-6.202864809388182721e+02,-3.164485511904497343e+02,1.519312466226624281e+01,2.244275504631352902e+01,7.070685598665123450e+01,-2.112374661877416848e+00,9.266061844066648440e-08
5.214285714285714494e+04,6.129038574450595966e-01,2.950587172618797105e-01,-1.455847106746477500e-02,-6.483665470158196058e+02,-3.309162175665961740e+02,1.588149892161540855e+01,2.151340812318510487e+01,7.309888448781110526e+01,-2.116435050562846421e+00,9.266054599593406242e-08
5.440993788819876499e+04,6.399983218067843982e-01,3.082591271283605106e-01,-1.521657900005668473e-02,-6.764440938267688352e+02,-3.453825981617080174e+02,1.656981147281253541e+01,2.051189190217979785e+01,7.523952765402675880e+01,-2.113237821632190538e+00,9.266048981454413591e-08
5.667701863354037778e+04,6.671088753452423248e-01,3.215274056255876811e-01,-1.587656467682925857e-02,-7.045193267346141965e+02,-3.598477973230071143e+02,1.725806734417307453e+01,1.944636592751929527e+01,7.713881407788930744e+01,-2.103282760393711204e+00,9.266044575829884455e-08
5.894409937888199056e+04,6.942336838591940396e-01,3.348612822973457970e-01,-1.653831128218065730e-02,-7.325924269641136561e+02,-3.743119071851902504e+02,1.794627097320641340e+01,1.832385168738272796e+01,7.880499375241161886e+01,-2.086993319785548806e+00,9.266041095019641407e-08
6.121118012422360334e+04,7.213711487573631898e-01,3.482589097053400140e-01,-1.720171923211809631e-02,-7.606635552431501992e+02,-3.887750095051554808e+02,1.863442629570933562e+01,1.715047802583044856e+01,8.024480225307777914e+01,-2.064730999273162393e+00,9.266038335399920601e-08
6.347826086956522340e+04,7.485198561780928017e-01,3.617188078070306401e-01,-1.786670310962372443e-02,-7.887328547822468181e+02,-4.032371771645913441e+02,1.932253681867235784e+01,1.593166907842207713e+01,8.146366032794446710e+01,-2.036806308729339321e+00,9.266036151040152322e-08
6.574534161490683618e+04,7.756785372571087800e-01,3.752398221163528169e-01,-1.853318929630932282e-02,-8.168004537315723610e+02,-4.176984754100679424e+02,2.001060568040489684e+01,1.467229146555880170e+01,8.246582439719428237e+01,-2.003487253942242141e+00,9.266034436760926934e-08
6.801242236024845624e+04,8.028460363408811418e-01,3.888210926340885387e-01,-1.920111411785029032e-02,-8.448664672216850704e+02,-4.321589628838091244e+02,2.069863570047727208e+01,1.337677230108608839e+01,8.325449868032148970e+01,-1.965005990864391761e+00,9.266033117080230803e-08
7.027950310559006175e+04,8.300212848751674644e-01,4.024620314658508557e-01,-1.987042237460289254e-02,-8.729309990698761794e+02,-4.466186924861645480e+02,2.138662942148167545e+01,1.204919623171235088e+01,8.383191637112724948e+01,-1.921564105130281419e+00,9.266032138964137314e-08
7.254658385093168181e+04,8.572032793056716393e-01,4.161623077105814916e-01,-2.054106616500657109e-02,-9.009941432157929739e+02,-4.610777121017180207e+02,2.207458914416942974e+01,1.069338753746634296e+01,8.419939492432843053e+01,-1.873336845261684758e+00,9.266031467139967110e-08
7.481366459627330187e+04,8.843910617233395888e-01,4.299218386989220875e-01,-2.121300393409743246e-02,-9.290559849363022522e+02,-4.755360652141146716e+02,2.276251695718669765e+01,9.312981893841445924e+00,8.435736875804518320e+01,-1.820476550372030156e+00,9.266031081233700547e-08
7.708074534161490737e+04,9.115837022379997823e-01,4.437407870536969057e-01,-2.188619969655261274e-02,-9.571166018791201395e+02,-4.899937914294670236e+02,2.345041476237544131e+01,7.911491482720502511e+00,8.430540128465348459e+01,-1.763115452533798644e+00,9.266030974313786435e-08
7.934782608695652743e+04,9.387802822104968081e-01,4.576195633801081186e-01,-2.256062239554903689e-02,-9.851760649467173607e+02,-5.044509269241827951e+02,2.413828429641044337e+01,6.492366600131034282e+00,8.404217699595018587e+01,-1.701367991816868042e+00,9.266031152647392437e-08
8.161490683229814749e+04,9.659798775367149926e-01,4.715588347071358877e-01,-2.323624536685552425e-02,-1.013234439055795633e+03,-5.189075048299445143e+02,2.482612714939122611e+01,5.059056666904719890e+00,8.356547322015869383e+01,-1.635332753040626974e+00,9.266031636657173770e-08
8.388198757763975300e+04,9.931815411652952230e-01,4.855595391263812788e-01,-2.391304588289055663e-02,-1.041291783792781416e+03,-5.333635555661384160e+02,2.551394478088919016e+01,3.615073572654453393e+00,8.287211002417849670e+01,-1.565094114298924088e+00,9.266032463248755641e-08
8.614906832298137306e+04,1.020384283941343506e+00,4.996229074441531082e-01,-2.459100475444720574e-02,-1.069348153981967926e+03,-5.478191071281108862e+02,2.620173853385679053e+01,2.164060583830972995e+00,8.195787543532321706e+01,-1.490723686619515487e+00,9.266033689902836760e-08
8.841614906832299312e+04,1.047587052685589271e+00,5.137504931182816925e-01,-2.527010596852239874e-02,-1.097403600179912473e+03,-5.622741853381176043e+02,2.688950964673176713e+01,7.098706761446821334e-01,8.081742155769977387e+01,-1.412281621298576928e+00,9.266035401247311361e-08
9.068322981366459862e+04,1.074788704110605453e+00,5.279442123491216998e-01,-2.595033633891458830e-02,-1.125458169107288768e+03,-5.767288140646099919e+02,2.757725926401044703e+01,-7.433407795754217728e-01,7.944412506253557638e+01,-1.329817867457051772e+00,9.266037719334350393e-08
9.295031055900621868e+04,1.101987972686835793e+00,5.422063970169176406e-01,-2.663168514117987551e-02,-1.153511904027452147e+03,-5.911830154145393408e+02,2.826498844551669976e+01,-2.191002345348944225e+00,7.782990265061189916e+01,-1.243373479955959260e+00,9.266040819705499712e-08
9.521739130434783874e+04,1.129183429805260985e+00,5.565398643324657169e-01,-2.731414369356357022e-02,-1.181564845079422867e+03,-6.056368099025654601e+02,2.895269817455510264e+01,-3.627982551085863427e+00,7.596496797287149150e+01,-1.152982112568295303e+00,9.266044956840010740e-08
9.748447204968944425e+04,1.156373430375527089e+00,5.709480087994840414e-01,-2.799770482764860416e-02,-1.209617029571715648e+03,-6.200902166004201490e+02,2.964038936510562650e+01,-5.048402108471984562e+00,7.383751043632049971e+01,-1.058671893730011471e+00,9.266050505351641783e-08
9.975155279503106431e+04,1.183556041058629438e+00,5.854349247154919667e-01,-2.868236216108871126e-02,-1.237668492242417415e+03,-6.345432532691568213e+02,3.032806286819205965e+01,-6.445381993534440745e+00,7.143326712619791863e+01,-9.604679918577793130e-01,9.266058028579809826e-08
1.020186335403726844e+05,1.210728941138129677e+00,6.000055715485805852e-01,-2.936810902927769473e-02,-1.265719265490059797e+03,-6.489959364765852570e+02,3.101571947753540925e+01,-7.810695913790581812e+00,6.873494469478499980e+01,-8.583963713518019123e-01,9.266068396730664935e-08
1.042857142857142899e+05,1.237889281601397773e+00,6.146660011635123322e-01,-3.005493683224227594e-02,-1.293769379579134011e+03,-6.634482817018399601e+02,3.170335993458659374e+01,-9.134276674839655996e+00,6.572142485251097810e+01,-7.524895921280860822e-01,9.266082998681005963e-08
1.065527950310559099e+05,1.265033478409347989e+00,6.294236769673022813e-01,-3.074283236460772714e-02,-1.321818862823524114e+03,-6.779003034287379705e+02,3.239098493301839454e+01,-1.040349240590245294e+01,6.236664827866614047e+01,-6.427961646514388505e-01,9.266104140066007193e-08
1.088198757763975300e+05,1.292156898218239203e+00,6.442879343561340733e-01,-3.143177332791544099e-02,-1.349867741750640789e+03,-6.923520152293383489e+02,3.307859512274497149e+01,-1.160204663708976014e+01,5.863800421410365971e+01,-5.293962616931993104e-01,9.266135834653646502e-08
1.110869565217391355e+05,1.319253360321542612e+00,6.592706670414706371e-01,-3.212172046484445403e-02,-1.377916041248645115e+03,-7.068034298389111427e+02,3.376619111352727742e+01,-1.270823555374358627e+01,5.449392987869753568e+01,-4.124292456020630104e-01,9.266185487414738440e-08
1.133540372670807556e+05,1.346314306992205445e+00,6.743873915514827511e-01,-3.281260308540778770e-02,-1.405963784698810741e+03,-7.212545592233557272e+02,3.445377347821469272e+01,-1.369204533399125090e+01,4.988018697094818776e+01,-2.921443098500065005e-01,9.266267782871531078e-08
1.156211180124223611e+05,1.373327333831856123e+00,6.896589811882489762e-01,-3.350429078532603244e-02,-1.434010994094788202e+03,-7.357054146399632373e+02,3.514134275566583909e+01,-1.451001077445382670e+01,4.472379632644672398e+01,-1.689994205623081558e-01,9.266414652192255321e-08
1.178881987577639811e+05,1.400273374806230153e+00,7.051146691204253081e-01,-3.419653373035152349e-02,-1.462057690150298868e+03,-7.501560066922944543e+02,3.582889945338610715e+01,-1.509536792117438786e+01,3.892253300210001754e+01,-4.387021634659980102e-02,9.266704506370482817e-08
1.201552795031056012e+05,1.427120724523835760e+00,7.207976729757533674e-01,-3.488882272451744593e-02,-1.490103892396575702e+03,-7.646063453798466298e+02,3.651644404991424153e+01,-1.533714311578385292e+01,3.232525109130146035e+01,8.146048938268932171e-02,9.267365103524582623e-08
1.224223602484472067e+05,1.453810392615780600e+00,7.367768543352777311e-01,-3.558000938772207938e-02,-1.518149619270707035e+03,-7.790564401430914359e+02,3.720397699698594352e+01,-1.502892095114005855e+01,2.469109787296473968e+01,2.029740468390054120e-01,9.269243484175432378e-08
1.246894409937888267e+05,1.480211731633851224e+00,7.531742041926472453e-01,-3.626701868755020930e-02,-1.546194888195877866e+03,-7.935062999043914260e+02,3.789149872149927489e+01,-1.371362624028073718e+01,1.559336724058653445e+01,3.099122791825644208e-01,9.277021219934415268e-08
1.269565217391304468e+05,1.505931856237241018e+00,7.702362849912944842e-01,-3.693850634275521599e-02,-1.574239715654388419e+03,-8.079559331052417974e+02,3.857900962730303718e+01,-1.001685426098421949e+01,4.169588897958274032e+00,3.625904806469975039e-01,9.337032598751280172e-08
1.292236024844720523e+05,1.528802469264977759e+00,7.881386754856576360e-01,-3.751119715811334493e-02,-1.602284117254219382e+03,-8.224053477402281942e+02,3.926651009682715454e+01,3.646353406018425058e+00,-1.019440135993742658e+01,6.970295156449250740e-02,9.247400070054590278e-08
1.314906832298136724e+05,1.552322511033726649e+00,8.026706097287279462e-01,-3.805097713424781397e-02,-1.630328107789835485e+03,-8.368545513880385442e+02,3.995400049257168718e+01,1.503642565827322208e+01,-1.276892506713787512e+01,-3.382761257029548441e-01,9.199519697734770276e-08
1.337577639751552779e+05,1.576668840490650592e+00,8.163703189020604656e-01,-3.860915365381178965e-02,-1.658371701297749496e+03,-8.513035512397783577e+02,4.064148115846799669e+01,2.353474023656760039e+01,-1.243292830248906355e+01,-6.818698761040540290e-01,9.191681445872516036e-08
1.360248447204969125e+05,1.601573336594988017e+00,8.297328264461746317e-01,-3.918368339405824130e-02,-1.686414911107410262e+03,-8.657523541249738628e+02,4.132895242112552836e+01,3.007925414089049099e+01,-1.091802655469618877e+01,-9.682271245958044004e-01,9.189803641988921879e-08
1.382919254658385180e+05,1.626895239695419271e+00,8.429228151973988670e-01,-3.977183331268062394e-02,-1.714457749887920500e+03,-8.802009665354257777e+02,4.201641459097604070e+01,3.516240011217853834e+01,-8.800274107250505295e+00,-1.206909345637506181e+00,9.189161074607887676e-08
1.405590062111801235e+05,1.652555188128597585e+00,8.560153239341669051e-01,-4.037175176442803215e-02,-1.742500229690956076e+03,-8.946493946471239269e+02,4.270386796332481083e+01,3.906183292416279329e+01,-6.342142998704218826e+00,-1.404394753821193831e+00,9.188889208416333947e-08
1.428260869565217581e+05,1.678504826444947806e+00,8.690518574576375777e-01,-4.098223689999573593e-02,-1.770542361990254676e+03,-9.090976443404093743e+02,4.339131281931791762e+01,4.194674278422846925e+01,-3.688801265814209529e+00,-1.564888469447011099e+00,9.188758435637695803e-08
1.450931677018633636e+05,1.704713423025953745e+00,8.820588788735838071e-01,-4.160252630480026914e-02,-1.798584157717995367e+03,-9.235457212185524440e+02,4.407874942683330488e+01,4.392466828142434565e+01,-9.328006132934901773e-01,-1.691058384740972143e+00,9.188691369330485452e-08
1.473602484472049691e+05,1.731161413233638813e+00,8.950554365181783156e-01,-4.223217291059128131e-02,-1.826625627298358495e+03,-9.379936306248936262e+02,4.476617804130291489e+01,4.506408316563823746e+01,1.859243943624014683e+00,-1.784469239389665285e+00,9.188657725303357828e-08
1.496273291925466037e+05,1.757837081629185061e+00,9.080569118912830140e-01,-4.287097825015763475e-02,-1.854666780678527630e+03,-9.524413776586777658e+02,4.545359890647206669e+01,4.540600236074508445e+01,4.633543510846716451e+00,-1.845816104358037890e+00,9.188644964633785465e-08
1.518944099378882092e+05,1.784734861856604127e+00,9.210772197439964781e-01,-4.351896313025759022e-02,-1.882707627357357751e+03,-9.668889671897013613e+02,4.614101225510176363e+01,4.496992922631778811e+01,7.341439252311859676e+00,-1.875026973068243175e+00,9.188648831722384740e-08
1.541614906832298147e+05,1.811854612096969408e+00,9.341304243140445829e-01,-4.417636696757183679e-02,-1.910748176411924305e+03,-9.813364038718768825e+02,4.682841830961903185e+01,4.375639017515565143e+01,9.933748692708208594e+00,-1.871265086470490724e+00,9.188670596372447708e-08
1.564285714285714494e+05,1.839201625368009019e+00,9.472323079591705719e-01,-4.484367555447699855e-02,-1.938788436522134134e+03,-9.957836921558086942e+02,4.751581728271987259e+01,4.174689872655176970e+01,1.235527853315760360e+01,-1.832831807783627420e+00,9.188717849956772849e-08
1.586956521739130549e+05,1.866787380529582485e+00,9.604023775426293597e-01,-4.552168595233900550e-02,-1.966828415993566750e+03,-1.010230836300466649e+03,4.820320937792877203e+01,3.890132849517287639e+01,1.453780616606560017e+01,-1.756939621553864628e+00,9.188809724697835957e-08
1.609627329192546604e+05,1.894631288676683400e+00,9.736670515143408533e-01,-4.621163160977705131e-02,-1.994868122778696943e+03,-1.024677840384034198e+03,4.889059479011865506e+01,3.515180421586248372e+01,1.638893100336181519e+01,-1.639274460000470501e+00,9.188992986483238327e-08
1.632298136645962950e+05,1.922764094373169863e+00,9.870656217159935464e-01,-4.691542176298758859e-02,-2.022907564496634450e+03,-1.039124708313997417e+03,4.957797370599443099e+01,3.039080397583435200e+01,1.777121955828819111e+01,-1.473158259904240541e+00,9.189394716587309407e-08
1.654968944099379005e+05,1.951234435982732496e+00,1.000663214624431419e+00,-4.763612869137352768e-02,-2.050946748451501207e+03,-1.053571443836541903e+03,5.026534630454325026e+01,2.444821062467676143e+01,1.845686583503134770e+01,-1.247844498343021469e+00,9.190431967953314085e-08
1.677639751552795060e+05,1.980121866324076496e+00,1.014584504256482278e+00,-4.837909410846195912e-02,-2.078985681649562139e+03,-1.068018050545310643e+03,5.095271275745419359e+01,1.704576436180476406e+01,1.800976046340868919e+01,-9.446479351723938711e-01,9.193942703919222842e-08
1.700310559006211406e+05,2.009560057455914261e+00,1.029127236519411959e+00,-4.915483293697376493e-02,-2.107024370815203383e+03,-1.082464531889573664e+03,5.164007322950970291e+01,7.715890281365161307e+00,1.538837192931691611e+01,-5.267869375233946716e-01,9.212551718233003129e-08
1.722981366459627461e+05,2.039661346561663091e+00,1.045339023524284983e+00,-4.998608791448239108e-02,-2.135062822405854149e+03,-1.096910891181860052e+03,5.232742787895123371e+01,-3.934356024687422515e+00,6.928066139305029125e+00,8.529418945163347310e-02,9.117050184686910528e-08
1.745652173913043516e+05,2.065411167697135397e+00,1.065835451838752501e+00,-5.071880446861034425e-02,-2.163101042625928130e+03,-1.111357131605088171e+03,5.301477685782089821e+01,-3.635331035979172398e-01,-1.652071274890921870e+01,3.526976336500187714e-01,1.018091604657058679e-07
1.768322981366459862e+05,2.090974506295562918e+00,1.084983117704866329e+00,-5.142057913019432852e-02,-2.191139037439869298e+03,-1.125803256219255218e+03,5.370212031228123095e+01,3.858870331443583712e+00,-3.525178122672512160e+01,5.118818946770570255e-01,1.010780658187104662e-07
1.790993788819875917e+05,2.116553397835807537e+00,1.103806696019812961e+00,-5.211732622894825473e-02,-2.219176812584388699e+03,-1.140249267967692049e+03,5.438945838291479618e+01,8.026134437474610195e+00,-5.284953810102661009e+01,6.534972523351305629e-01,1.010108880279374439e-07
1.813664596273291972e+05,2.142147953232779400e+00,1.122485295088611723e+00,-5.281217361868736221e-02,-2.247214373579912262e+03,-1.154695169682915775e+03,5.507679120500456804e+01,1.213788966168160322e+01,-6.994051151593636462e+01,7.884847800085882374e-01,1.009950270654203952e-07
1.836335403726708319e+05,2.167753922141701484e+00,1.141081232211770491e+00,-5.350603872154891666e-02,-2.275251725741319660e+03,-1.169140964092123795e+03,5.576411890879704458e+01,1.620902185907216264e+01,-8.674268410904187476e+01,9.200532711322764179e-01,1.009894334615684900e-07
1.859006211180124374e+05,2.193368249018753602e+00,1.159623540172204148e+00,-5.419930607209783036e-02,-2.303288874188023783e+03,-1.183586653822351536e+03,5.645144161974922525e+01,2.025023670630054085e+01,-1.033576064965245820e+02,1.049547444563849297e+00,1.009869646987006084e-07
1.881677018633540429e+05,2.218988883797938794e+00,1.178128140823349046e+00,-5.489217159663842965e-02,-2.331325823853441761e+03,-1.198032241405318018e+03,5.713875945876056761e+01,2.426872200331989049e+01,-1.198409663552157696e+02,1.177652265045046720e+00,1.009857064460351166e-07
1.904347826086956775e+05,2.244614419754640267e+00,1.196604729931304734e+00,-5.558474826196237173e-02,-2.359362579493896192e+03,-1.212477729281981965e+03,5.782607254239118078e+01,2.826941449028222664e+01,-1.362266722291994938e+02,1.304762511675572556e+00,1.009849974356034118e-07
1.927018633540372830e+05,2.270243859006883191e+00,1.215059660056107882e+00,-5.627710701403261517e-02,-2.387399145696993855e+03,-1.226923119806829391e+03,5.851338098306700886e+01,3.225582017403030477e+01,-1.525369381038425445e+02,1.431125984573631271e+00,1.009845671855421617e-07
1.949689440993788885e+05,2.295876471168216248e+00,1.233497324745668644e+00,-5.696929528936446607e-02,-2.415435526889512403e+03,-1.241368415251910392e+03,5.920068488927308437e+01,3.623050879987947326e+01,-1.687871254321790957e+02,1.556908258772928821e+00,1.009842907816818070e-07
1.972360248447205231e+05,2.321511706840880152e+00,1.251920892017440279e+00,-5.766134636191894841e-02,-2.443471727344831834e+03,-1.255813617810644018e+03,5.988798436573563322e+01,4.019541648543570744e+01,-1.849883089096991000e+02,1.682225379921711950e+00,1.009841049962816146e-07
1.995031055900621286e+05,2.347149142984394476e+00,1.270332723161665678e+00,-5.835328447137048263e-02,-2.471507751189940791e+03,-1.270258729601403729e+03,6.057527951359370633e+01,4.415203684978846610e+01,-2.011487414752913310e+02,1.807161802869640788e+00,1.009839754410277299e-07
2.017701863354037341e+05,2.372788447263075362e+00,1.288734626308205344e+00,-5.904512782543738791e-02,-2.499543602412050404e+03,-1.284703752670904350e+03,6.126257043056124019e+01,4.810154575130631116e+01,-2.172747413004263990e+02,1.931780893559368106e+00,1.009838822978477489e-07
2.040372670807453687e+05,2.398429354057852514e+00,1.307128017388997643e+00,-5.973689045169038037e-02,-2.527579284864834790e+03,-1.299148688997397812e+03,6.194985721107993015e+01,5.204488522140670170e+01,-2.333712548402148172e+02,2.056131406315360177e+00,1.009838135875788240e-07
2.063043478260869742e+05,2.424071647877443780e+00,1.325514026382599075e+00,-6.042858338974091414e-02,-2.555614802274329577e+03,-1.313593540493691762e+03,6.263713994646377614e+01,5.598282151349749824e+01,-2.494422284766755809e+02,2.180251653747369289e+00,1.009837617738662606e-07
2.085714285714285797e+05,2.449715151603501173e+00,1.343893569777461883e+00,-6.112021548678493732e-02,-2.583650158244507566e+03,-1.328038309010006742e+03,6.332441872503571290e+01,5.991598624120133110e+01,-2.654908619925062681e+02,2.304172289180734801e+00,1.009837219512726002e-07
2.108385093167702144e+05,2.475359717979045193e+00,1.362267401393759014e+00,-6.181179394487804069e-02,-2.611685356262553796e+03,-1.342482996336676933e+03,6.401169363225680797e+01,6.384490617021132408e+01,-2.815197863415659185e+02,2.427918220644235348e+00,1.009836908318081653e-07
2.131055900621118199e+05,2.501005223325726057e+00,1.380636148895380888e+00,-6.250332470740707635e-02,-2.639720399703856856e+03,-1.356927604206706064e+03,6.469896475084861720e+01,6.777002521257605849e+01,-2.975311913627173226e+02,2.551509962375680729e+00,1.009836661546099882e-07
2.153726708074534254e+05,2.526651562826040198e+00,1.399000340577347679e+00,-6.319481273828887746e-02,-2.667755291836739161e+03,-1.371372134298190758e+03,6.538623216090901735e+01,7.169172094574577159e+01,-3.135269194766092369e+02,2.674964611097879086e+00,1.009836463297932698e-07
2.176397515527950600e+05,2.552298646925807546e+00,1.417360425384599498e+00,-6.388626222773943764e-02,-2.695790035826938038e+03,-1.385816588236615871e+03,6.607349594002208448e+01,7.561031721200022560e+01,-3.295085357056042881e+02,2.798296565451920070e+00,1.009836302168640528e-07
2.199068322981366655e+05,2.577946398552684037e+00,1.435716788119126175e+00,-6.457767674662791280e-02,-2.723824634741853060e+03,-1.400260967597030231e+03,6.676075616336208896e+01,7.952609386255947754e+01,-3.454773808624823914e+02,2.921518065594236990e+00,1.009836169830513603e-07
2.221739130434782710e+05,2.603594750938519553e+00,1.454069761161859597e+00,-6.526905936409890807e-02,-2.751859091554579209e+03,-1.414705273906113234e+03,6.744801290379237457e+01,8.343929438862964787e+01,-3.614346125478080580e+02,3.044639604320089177e+00,1.009836060105143255e-07
2.244409937888198765e+05,2.629243645895006143e+00,1.472419633627367830e+00,-6.596041273847740027e-02,-2.779893409147734019e+03,-1.429149508644134812e+03,6.813526623195909337e+01,8.735013196613461162e+01,-3.773812371673649864e+02,3.167670244744736241e+00,1.009835968342298753e-07
2.267080745341615111e+05,2.654893032434047839e+00,1.490766658598809302e+00,-6.665173918842495770e-02,-2.807927590317091017e+03,-1.443593673246817161e+03,6.882251621638023664e+01,9.125879429393573616e+01,-3.933181352344799393e+02,3.290617868916897226e+00,1.009835890995954748e-07
2.289751552795031166e+05,2.680542865653430695e+00,1.509111058907551151e+00,-6.734304074928357253e-02,-2.835961637775034887e+03,-1.458037769107106215e+03,6.950976292353037422e+01,9.516544750339292591e+01,-4.092460815817584603e+02,3.413489374631879070e+00,1.009835825329724189e-07
2.312422360248447221e+05,2.706193105828918810e+00,1.527453031795718008e+00,-6.803431921816149863e-02,-2.863995554153844296e+03,-1.472481797576853069e+03,7.019700641792097429e+01,9.907023934526169739e+01,-4.251657616654933349e+02,3.536290832877634127e+00,1.009835769208864746e-07
2.335093167701863567e+05,2.731843717668594351e+00,1.545792752711519835e+00,-6.872557619035898901e-02,-2.892029342008817366e+03,-1.486925759968414923e+03,7.088424676217704246e+01,1.029733018085298824e+02,-4.410777848367345655e+02,3.659027614999727618e+00,1.009835720951236880e-07
2.357763975155279622e+05,2.757494669695888412e+00,1.564130378424286816e+00,-6.941681308905814363e-02,-2.920063003821243001e+03,-1.501369657556179391e+03,7.157148401710998087e+01,1.068747532885456479e+02,-4.569826952328768357e+02,3.781704496315475783e+00,1.009835679219046814e-07
2.380434782608695677e+05,2.783145933735596156e+00,1.582466049600697922e+00,-7.010803118971963011e-02,-2.948096542001233047e+03,-1.515813491578015146e+03,7.225871824178688030e+01,1.107747003944490416e+02,-4.728809807847094930e+02,3.904325741224773161e+00,1.009835642939227285e-07
2.403105590062112024e+05,2.808797484482945084e+00,1.600799892950481862e+00,-7.079923164028155413e-02,-2.976129958890418493e+03,-1.530257263236653444e+03,7.294594949359670011e+01,1.146732394656224727e+02,-4.887730807176604912e+02,4.026895173646586557e+00,1.009835611244201355e-07
2.425776397515528079e+05,2.834449299140146650e+00,1.619132023025270373e+00,-7.149041547799940555e-02,-3.004163256764520156e+03,-1.544700973701006887e+03,7.363317782831316549e+01,1.185704578516445906e+02,-5.046593918399489098e+02,4.149416235716483214e+00,1.009835583427338008e-07
2.448447204968944134e+05,2.860101357108167264e+00,1.637462543735881404e+00,-7.218158364357710188e-02,-3.032196437835798861e+03,-1.559144624107424534e+03,7.432040330015486518e+01,1.224664349986882428e+02,-5.205402738459922602e+02,4.271892037017633648e+00,1.009835558909118611e-07
2.471118012422360480e+05,2.885753639723975361e+00,1.655791549639402227e+00,-7.287273699309658459e-02,-3.060229504255393749e+03,-1.573588215560890148e+03,7.500762596184252118e+01,1.263612433764726575e+02,-5.364160538147408488e+02,4.394325396120492222e+00,1.009835537211203806e-07
2.493788819875776535e+05,2.911406130035460116e+00,1.674119127036816090e+00,-7.356387630814612000e-02,-3.088262458115555091e+03,-1.588031749136167718e+03,7.569484586465367215e+01,1.302549492730655061e+02,-5.522870300454566177e+02,4.516718875829751845e+00,1.009835517936378418e-07
2.516459627329192590e+05,2.937058812607743707e+00,1.692445354913734601e+00,-7.425500230446475947e-02,-3.116295301451771138e+03,-1.602475225878892161e+03,7.638206305847486988e+01,1.341476134795281894e+02,-5.681534753448323727e+02,4.639074813249130180e+00,1.009835500752919861e-07
2.539130434782608936e+05,2.962711673355800990e+00,1.710770305750440867e+00,-7.494611563935704712e-02,-3.144328036244805389e+03,-1.616918646806612514e+03,7.706927759185158777e+01,1.380392918822419972e+02,-5.840156398571223235e+02,4.761395345552425162e+00,1.009835485382318672e-07
2.561801242236024991e+05,2.988364699399214341e+00,1.729094046222484415e+00,-7.563721691808292236e-02,-3.172360664422641094e+03,-1.631362012909789883e+03,7.775648951203578463e+01,1.419300359774697142e+02,-5.998737535115482160e+02,4.883682432176462918e+00,1.009835471589563840e-07
2.584472049689441046e+05,3.014017878935666861e+00,1.747416637809127593e+00,-7.632830669938844848e-02,-3.200393187862339346e+03,-1.645805325152749901e+03,7.844369886503152145e+01,1.458198933200981742e+02,-6.157280281475270840e+02,5.005937874016158418e+00,1.009835459175405423e-07
2.607142857142857392e+05,3.039671201130357048e+00,1.765738137323846546e+00,-7.701938550031293962e-02,-3.228425608391817605e+03,-1.660248584474594054e+03,7.913090569563848931e+01,1.497089079164190366e+02,-6.315786593673670950e+02,5.128163330095024897e+00,1.009835447970153868e-07
2.629813664596273447e+05,3.065324656018998173e+00,1.784058597378589628e+00,-7.771045380038378581e-02,-3.256457927791549537e+03,-1.674691791790072557e+03,7.981811004749368976e+01,1.535971205691237742e+02,-6.474258281573662543e+02,5.250360332099475613e+00,1.009835437828677227e-07
2.652484472049689502e+05,3.090978234422461668e+00,1.802378066791488820e+00,-7.840151204529031970e-02,-3.284490147796193469e+03,-1.689134947990419050e+03,8.050531196311138160e+01,1.574845691813283963e+02,-6.632697023112490342e+02,5.372530297097317664e+00,1.009835428626345058e-07
2.675155279503105558e+05,3.116631927871432062e+00,1.820696590946116356e+00,-7.909256065011302517e-02,-3.312522270096151715e+03,-1.703578053944148678e+03,8.119251148392119433e+01,1.613712890253342778e+02,-6.791104376842022248e+02,5.494674538706115996e+00,1.009835420255721554e-07
2.697826086956522195e+05,3.142285728539715439e+00,1.839014212109043145e+00,-7.978360000217128711e-02,-3.340554296339061693e+03,-1.718021110497825475e+03,8.187970865030477796e+01,1.652573129809257182e+02,-6.949481793011666468e+02,5.616794276932823848e+00,1.009835412623855173e-07
2.720496894409938250e+05,3.167939629185027250e+00,1.857330969711386448e+00,-8.047463046354279281e-02,-3.368586228131228836e+03,-1.732464118476795420e+03,8.256690350163079017e+01,1.691426717472586176e+02,-7.107830623392704865e+02,5.738890646870051349e+00,1.009835405650045115e-07
2.743167701863354305e+05,3.193593623096298018e+00,1.875646900599150069e+00,-8.116565237329950722e-02,-3.396618067038995378e+03,-1.746907078685888564e+03,8.325409607628856179e+01,1.730273940317781864e+02,-7.266152130011918189e+02,5.860964706404827140e+00,1.009835399263995057e-07
2.765838509316770360e+05,3.219247704046653169e+00,1.893962039256424035e+00,-8.185666604949728975e-02,-3.424649814590057304e+03,-1.761349991910095241e+03,8.394128641172031280e+01,1.769115067190929551e+02,-7.424447492936798199e+02,5.983017443071484642e+00,1.009835393404276450e-07
2.788509316770186415e+05,3.244901866251356459e+00,1.912276418004906997e+00,-8.254767179095173768e-02,-3.452681472274722637e+03,-1.775792858915211809e+03,8.462847454445198991e+01,1.807950350223055693e+02,-7.582717817233441338e+02,6.105049780160272554e+00,1.009835388017048438e-07
2.811180124223602470e+05,3.270556104330103242e+00,1.930590067182711644e+00,-8.323866987882716506e-02,-3.480713041547126068e+03,-1.790235680448461153e+03,8.531566051012298146e+01,1.846780026189440491e+02,-7.740964139200533509e+02,6.227062582176657202e+00,1.009835383054982393e-07
2.833850931677019107e+05,3.296210413273150674e+00,1.948903015304980224e+00,-8.392966057806200419e-02,-3.508744523826385375e+03,-1.804678457239089539e+03,8.600284434351458174e+01,1.885604317733379389e+02,-7.899187431968031206e+02,6.349056659732451813e+00,1.009835378476361149e-07
2.856521739130435162e+05,3.321864788410815450e+00,1.967215289208500861e+00,-8.462064413865053036e-02,-3.536775920497720108e+03,-1.819121189998938235e+03,8.669002607857726161e+01,1.924423434470307654e+02,-8.057388610536781925e+02,6.471032773938308225e+00,1.009835374244313362e-07
2.879192546583851217e+05,3.347519225385962027e+00,1.985526914182195846e+00,-8.531162079679824317e-02,-3.564807232913521602e+03,-1.833563879422992159e+03,8.737720574845702970e+01,1.963237573986062614e+02,-8.215568536324808520e+02,6.592991640357387162e+00,1.009835370326168838e-07
2.901863354037267272e+05,3.373173720129129194e+00,2.003837914085113248e+00,-8.600259077596546231e-02,-3.592838462394382987e+03,-1.848006526189909664e+03,8.806438338552054290e+01,2.002046922741240564e+02,-8.373728021277141806e+02,6.714933932571786279e+00,1.009835366692908758e-07
2.924534161490683327e+05,3.398828268836011635e+00,2.022148311453335623e+00,-8.669355428781197470e-02,-3.620869610230087346e+03,-1.862449130962528898e+03,8.875155902137940700e+01,2.040851656892064909e+02,-8.531867831588602940e+02,6.836860285406404891e+00,1.009835363318696367e-07
2.947204968944099382e+05,3.424482867947027387e+00,2.040458127597033045e+00,-8.738451153305419605e-02,-3.648900677680559511e+03,-1.876891694388355518e+03,8.943873268691346823e+01,2.079651943036847399e+02,-8.689988691082495507e+02,6.958771297848986848e+00,1.009835360180476620e-07
2.969875776397515438e+05,3.450137514128750027e+00,2.058767382688730052e+00,-8.807546270224403395e-02,-3.676931665976780096e+03,-1.891334217100032902e+03,9.012590441229322380e+01,2.118447938896000551e+02,-8.848091284282699007e+02,7.080667535700087889e+00,1.009835357257630485e-07
2.992546583850932075e+05,3.475792204257013740e+00,2.077076095843735537e+00,-8.876640797647819547e-02,-3.704962576321666802e+03,-1.905776699715793256e+03,9.081307422700137977e+01,2.157239793932578209e+02,-9.006176259212010109e+02,7.202549533982402608e+00,1.009835354531680864e-07
3.015217391304348130e+05,3.501446935401501648e+00,2.095384285193551577e+00,-8.945734752804547496e-02,-3.732993409890918883e+03,-1.920219142839891219e+03,9.150024215985366993e+01,2.196027649919483622e+02,-9.164244229945505822e+02,7.324417799135224172e+00,1.009835351986034514e-07
3.037888198757764185e+05,3.527101704811685501e+00,2.113691967952982864e+00,-9.014828152101797554e-02,-3.761024167833834326e+03,-1.934661547063023363e+03,9.218740823901869419e+01,2.234811641458753968e+02,-9.322295778944229596e+02,7.446272811016631188e+00,1.009835349605762612e-07
3.060559006211180240e+05,3.552756509903955084e+00,2.131999160481592881e+00,-9.083921011179277305e-02,-3.789054851274093380e+03,-1.949103912962730192e+03,9.287457249203727372e+01,2.273591896457707264e+02,-9.480331459191535259e+02,7.568115024733283569e+00,1.009835347377407657e-07
3.083229813664596295e+05,3.578411348249848523e+00,2.150305878340072141e+00,-9.153013344958819963e-02,-3.817085461310513892e+03,-1.963546241103783586e+03,9.356173494584088246e+01,2.312368536566177681e+02,-9.638351796151792996e+02,7.689944872315340518e+00,1.009835345288814991e-07
3.105900621118012350e+05,3.604066217565248031e+00,2.168612136342003449e+00,-9.222105167690002048e-02,-3.845115999017781633e+03,-1.977988532038561289e+03,9.424889562676955279e+01,2.351141677578601445e+02,-9.796357289568893520e+02,7.811762764251978020e+00,1.009835343328990392e-07
3.128571428571428987e+05,3.629721115700467848e+00,2.186917948601485584e+00,-9.291196492992076506e-02,-3.873146465447148785e+03,-1.992430786307406834e+03,9.493605456058907066e+01,2.389911429804289753e+02,-9.954348415120048230e+02,7.933569090901204213e+00,1.009835341487969708e-07
3.151242236024845042e+05,3.655376040631137080e+00,2.205223328576997321e+00,-9.360287333892615413e-02,-3.901176861627112885e+03,-2.006873004438975613e+03,9.562321177250747439e+01,2.428677898408866724e+02,-1.011232562593864714e+03,8.055364223786131816e+00,1.009835339756708611e-07
3.173913043478261097e+05,3.681030990449809970e+00,2.223528289111859735e+00,-9.429377702863155075e-02,-3.929207188564067110e+03,-2.021315186950570933e+03,9.631036728719112716e+01,2.467441183729523004e+02,-1.027028935401841181e+03,8.177148516788504296e+00,1.009835338126984398e-07
3.196583850931677152e+05,3.706685963358237856e+00,2.241832842471602305e+00,-9.498467611852122461e-02,-3.957237447242931012e+03,-2.035757334348466202e+03,9.699752112878007893e+01,2.506201381566465329e+02,-1.042824001150980848e+03,8.298922307249110730e+00,1.009835336591310488e-07
3.219254658385093207e+05,3.732340957660232661e+00,2.260137000378522831e+00,-9.567557072315301114e-02,-3.985267638627755332e+03,-2.050199447128215525e+03,9.768467332090291677e+01,2.544958583452682603e+02,-1.058617799191848235e+03,8.420685916983655872e+00,1.009835335142858870e-07
3.241925465838509263e+05,3.757995971755082820e+00,2.278440774043679173e+00,-9.636646095244040533e-02,-4.013297763662308625e+03,-2.064641525774956335e+03,9.837182388669120314e+01,2.583712876903941265e+02,-1.074410367121449099e+03,8.542439653221794771e+00,1.009835333775394189e-07
3.264596273291925900e+05,3.783651004131459050e+00,2.296744174196554411e+00,-9.705734691191422736e-02,-4.041327823270642057e+03,-2.079083570763696116e+03,9.905897284879321774e+01,2.622464345650723203e+02,-1.090201740886017205e+03,8.664183809476174503e+00,1.009835332483213664e-07
3.287267080745341955e+05,3.809306053361780187e+00,2.315047211112584602e+00,-9.774822870296556721e-02,-4.069357818357635097e+03,-2.093525582559595478e+03,9.974612022938737255e+01,2.661213069853646971e+02,-1.105991954876370983e+03,8.785918666347681594e+00,1.009835331261095735e-07
3.309937888198758010e+05,3.834961118096986699e+00,2.333349894638728106e+00,-9.843910642307170111e-02,-4.097387749809520756e+03,-2.107967561618237596e+03,1.004332660501951153e+02,2.699959126303774042e+02,-1.121781042016479660e+03,8.907644492272400072e+00,1.009835330104251355e-07
3.332608695652174065e+05,3.860616197061698784e+00,2.351652234217262993e+00,-9.912998016600621520e-02,-4.125417618494397175e+03,-2.122409508385888330e+03,1.011204103324933925e+02,2.738702588609040731e+02,-1.137569033845805961e+03,9.029361544215326774e+00,1.009835329008284027e-07
3.355279503105590120e+05,3.886271289049721300e+00,2.369954238907931554e+00,-9.982085002203491819e-02,-4.153447425262716934e+03,-2.136851423299749968e+03,1.018075530971267284e+02,2.777443527367972251e+02,-1.153355960595946499e+03,9.151070068315268813e+00,1.009835327969151287e-07
3.377950310559006175e+05,3.911926392919863105e+00,2.388255917408587337e+00,-1.005117160780985980e-01,-4.181477170947763625e+03,-2.151293306788204063e+03,1.024946943645188355e+02,2.816182010331688161e+02,-1.169141851262038017e+03,9.272770300485058570e+00,1.009835326983132541e-07
3.400621118012422812e+05,3.937581507592052166e+00,2.406557278074459738e+00,-1.012025784179834964e-01,-4.209506856366107968e+03,-2.165735159271046996e+03,1.031818341546838411e+02,2.854918102555149630e+02,-1.184926733669350142e+03,9.394462466970686876e+00,1.009835326046799822e-07
3.423291925465838867e+05,3.963236632043720675e+00,2.424858328936137841e+00,-1.018934371224808205e-01,-4.237536482318055278e+03,-2.180176981159719617e+03,1.038689724872372437e+02,2.893651866538486388e+02,-1.200710634535451391e+03,9.516146784872745457e+00,1.009835325156989328e-07
3.445962732919254922e+05,3.988891765306434856e+00,2.443159077716390293e+00,-1.025842922695358872e-01,-4.265566049588073838e+03,-2.194618772857525073e+03,1.045561093814063298e+02,2.932383362359173589e+02,-1.216493579528297687e+03,9.637823462633141602e+00,1.009835324310779591e-07
3.468633540372670977e+05,4.014546906462757470e+00,2.461459531845899829e+00,-1.032751439343879002e-01,-4.293595558945207813e+03,-2.209060534759844359e+03,1.052432448560404623e+02,2.971112647795769703e+02,-1.232275593320558528e+03,9.759492700489840189e+00,1.009835323505469767e-07
3.491304347826087032e+05,4.040202054643311058e+00,2.479759698477992380e+00,-1.039659921897008593e-01,-4.321625011143482880e+03,-2.223502267254340495e+03,1.059303789296208151e+02,3.009839778443842988e+02,-1.248056699640468651e+03,9.881154690902144822e+00,1.009835322738558857e-07
3.513975155279503088e+05,4.065857209024049013e+00,2.498059584502453578e+00,-1.046568371056864344e-01,-4.349654406922290036e+03,-2.237943970721159531e+03,1.066175116202699797e+02,3.048564807824678269e+02,-1.263836921319474186e+03,1.000280961894872611e+01,1.009835322007730095e-07
3.536645962732919725e+05,4.091512368823689627e+00,2.516359196558480615e+00,-1.053476787502194839e-01,-4.377683747006765770e+03,-2.252385645533122442e+03,1.073046429457611453e+02,3.087287787487298374e+02,-1.279616280336905902e+03,1.012445766270053760e+01,1.009835321310834399e-07
3.559316770186335780e+05,4.117167533301335780e+00,2.534658541046847624e+00,-1.060385171889463574e-01,-4.405713032108154948e+03,-2.266827292055913404e+03,1.079917729235270372e+02,3.126008767104279400e+02,-1.295394797861903498e+03,1.024609899357042586e+01,1.009835320645876875e-07
3.581987577639751835e+05,4.142822701754223402e+00,2.552957624141332094e+00,-1.067293524853870357e-01,-4.433742262924163697e+03,-2.281268910648259862e+03,1.086789015706685291e+02,3.164727794561820247e+02,-1.311172494292792635e+03,1.036773377664122364e+01,1.009835320011003579e-07
3.604658385093167890e+05,4.168477873515637810e+00,2.571256451799467602e+00,-1.074201847010312072e-01,-4.461771440139298647e+03,-2.295710501662108527e+03,1.093660289039630840e+02,3.203444916044459774e+02,-1.326949389294094772e+03,1.048936217097384827e+01,1.009835319404489740e-07
3.627329192546583945e+05,4.194133047952943727e+00,2.589555029772651285e+00,-1.081110138954287370e-01,-4.489800564425201628e+03,-2.310152065442794992e+03,1.100531549398727549e+02,3.242160176114837213e+02,-1.342725501831339898e+03,1.061098432989688689e+01,1.009835318824729569e-07
3.650000000000000000e+05,4.219788224465740534e+00,2.607853363615675768e+00,-1.088018401262750567e-01,-4.517829636440966169e+03,-2.324593602329208352e+03,1.107402796945521430e+02,3.280873617788820411e+02,-1.358500850203840173e+03,1.073260040127895820e+01,1.009835318270226994e-07
