# N, dt, tmax
# 3, 1689.8148148148148, 365000
# t, xSun, ySun, zSun, xJup, yJup, zJup, xSat, ySat, zSat E
0.000000000000000000e+00,-5.170151348210463502e-03,-3.199338259971517759e-03,1.635266715080669990e-04,2.656108531185689348e+00,4.247624964374128176e+00,-7.703558120299193457e-02,9.214417335570990630e+00,-2.995248118946571392e+00,-3.147370095891919850e-01,-3.155910129732769618e-08
1.697674418604651237e+03,1.433596391941498877e-02,4.048992592872169283e-04,-2.581734029536444062e-04,-1.720965228396508095e+01,-2.621869066129635772e+00,3.959946987927530637e-01,7.330744690915569350e+00,7.340522287622678554e+00,-4.194856945698683948e-01,4.427926462775831254e-08
3.395348837209302474e+03,3.280027153461492068e-02,5.198369624485988522e-03,-7.102217468528134554e-04,-3.432511635195735522e+01,-9.072562073282737671e+00,8.057487457136148779e-01,-9.442646283120149919e-02,1.211747268850747439e+01,-2.067341731104657687e-01,4.202714561560388527e-08
5.093023255813954165e+03,5.063010112165225451e-02,1.147434542869277957e-02,-1.175773596092937563e-03,-5.079403628782712588e+01,-1.535238569171928624e+01,1.200326148505221679e+00,-7.459555792485389247e+00,1.113778607725146053e+01,1.039430257167135024e-01,4.182589234764265574e-08
6.790697674418604947e+03,6.743646682034790119e-02,1.877867140630893467e-02,-1.624364893269940758e-03,-6.697638233906396010e+01,-2.154558988165809907e+01,1.588131437806477919e+00,-1.220165364268031816e+01,6.271530264803581112e+00,3.779091117175419345e-01,4.177444203089375591e-08
8.488372093023255729e+03,8.295440592112754419e-02,2.661099639789370891e-02,-2.034217330714037375e-03,-8.299661022146467815e+01,-2.768663880946083111e+01,1.972092642469571055e+00,-1.297818045886336336e+01,-6.159111799370754481e-01,5.292020730070156054e-01,4.174779276806907917e-08
1.018604651162790833e+04,9.696523563661924028e-02,3.434082713411491100e-02,-2.384457156817163838e-03,-9.891237162245950287e+01,-3.379283823106046469e+01,2.353571652921291779e+00,-8.831609945818438945e+00,-7.261213556793978618e+00,4.802549351958709245e-01,4.169033633476342769e-08
1.188372093023255911e+04,1.095030289020247627e-01,4.090017052993065449e-02,-2.657179940145657903e-03,-1.147551179151801506e+02,-3.987409280714502557e+01,2.733313326295391921e+00,2.239134299159905028e-01,-9.895356135994177293e+00,1.659485407075957653e-01,4.143979510464789977e-08
1.358139534883720989e+04,1.220174776863553329e-01,4.499644329145921495e-02,-2.887184528386847401e-03,-1.305439098412471708e+02,-4.593659989363116125e+01,3.111769880518418407e+00,9.180893381498794525e+00,-3.976062822328772839e+00,-2.934978690780195576e-01,4.142859579474973920e-08
1.527906976744186068e+04,1.367370193247652577e-01,4.808237858187161540e-02,-3.188255683315408678e-03,-1.462911808821632178e+02,-5.198449625948877895e+01,3.489236704063966243e+00,1.028557480573462790e+01,5.428686471912631539e+00,-5.010411353336339246e-01,4.167879537326113836e-08
1.697674418604651146e+04,1.530380127261915246e-01,5.201225089075826868e-02,-3.567698082511679136e-03,-1.620054964752681030e+02,-5.802068194562719583e+01,3.865917500059982803e+00,5.748120661243671492e+00,1.184215211147411395e+01,-4.318091697995299350e-01,4.172891631343099192e-08
1.867441860465116406e+04,1.699205306349012012e-01,5.721227796198449789e-02,-3.992997350794348296e-03,-1.776930109675136293e+02,-6.404726914859747922e+01,4.241958746705732253e+00,-9.130748005347029128e-01,1.378043918006394364e+01,-2.000295273124775841e-01,4.173592520409984455e-08
2.037209302325581666e+04,1.866815742264034128e-01,6.367505701068407187e-02,-4.435937772238253418e-03,-1.933582965749950517e+02,-7.006584425371444524e+01,4.617469337002007457e+00,-7.223584984656912233e+00,1.127474175086551611e+01,9.523288194671342133e-02,4.173254512982669636e-08
2.206976744186046562e+04,2.026872513093001538e-01,7.124709677308802003e-02,-4.868531884771465021e-03,-2.090048438506911452e+02,-7.607762926968288753e+01,4.992532448752709406e+00,-1.095433745793110880e+01,4.866068063499136009e+00,3.557974884628165579e-01,4.170673293322041388e-08
2.376744186046511822e+04,2.171746753237776273e-01,7.945948640425670728e-02,-5.252175381435225839e-03,-2.246353785670087575e+02,-8.208358569973890440e+01,5.367213066173407654e+00,-9.427579745280446843e+00,-3.802076517308586645e+00,4.464057717966858352e-01,4.155264767282504904e-08
2.546511627906976719e+04,2.295814680510811501e-01,8.683501441686036770e-02,-5.538687241476967366e-03,-2.402520703817235983e+02,-8.808448382238941576e+01,5.741562935702521742e+00,-6.688136961390729329e-01,-9.559695344321514909e+00,1.983431843060016742e-01,4.131647660462172335e-08
2.716279069767441979e+04,2.417382339066341257e-01,9.164552925857993859e-02,-5.770800575222690201e-03,-2.558566747908119794e+02,-9.408095030237649325e+01,6.115623939585332458e+00,8.924198470931532512e+00,-6.359459612320060629e+00,-2.390457412599761300e-01,4.160973109299647882e-08
2.886046511627907239e+04,2.555409122469037841e-01,9.522183614098431170e-02,-6.047165392757027601e-03,-2.714506323693174750e+02,-1.000735018334483897e+02,6.489430457213100745e+00,1.272409498372300973e+01,1.145075294972720092e+00,-5.207888672664801044e-01,4.171128939834962746e-08
3.055813953488372135e+04,2.708681044875743127e-01,9.892394126148201794e-02,-6.386623755250806465e-03,-2.870351399745510435e+02,-1.060625695154912620e+02,6.863011059445613959e+00,1.115953688294421298e+01,8.197920335165790107e+00,-5.810703263625806025e-01,4.172757684071409338e-08
3.225581395348837395e+04,2.872369115768759196e-01,1.034038170433405068e-01,-6.781289316083268306e-03,-3.026112029010069477e+02,-1.120485168019821316e+02,7.236389749693755036e+00,5.923107849639939637e+00,1.251962890133271600e+01,-4.475574667745192969e-01,4.172804612344520160e-08
3.395348837209302292e+04,3.041346398428337316e-01,1.090622260334647431e-01,-7.217714784955818301e-03,-3.181796737584241441e+02,-1.180316529626527142e+02,7.609586889776260854e+00,-1.188894025353842698e+00,1.270932906127402795e+01,-1.673581751623405001e-01,4.171479612433015734e-08
3.565116279069767916e+04,3.208493065386196497e-01,1.162078518710435715e-01,-7.672915945455717826e-03,-3.337412819433252480e+02,-1.240122433545908933e+02,7.982619902177295224e+00,-7.683450351390885835e+00,7.688102849149096585e+00,1.790684194069269153e-01,4.163164664624649842e-08
3.734883720930232812e+04,3.361131666270410490e-01,1.247180697343653333e-01,-8.094266100686395987e-03,-3.492966563178902106e+02,-1.299905173726985765e+02,8.355503810642163742e+00,-9.123770039817612698e+00,-2.114330472195363519e+00,4.075790300603883698e-01,4.133832374699106678e-08
3.904651162790697708e+04,3.488909867882697968e-01,1.326391343434080994e-01,-8.406486763679551361e-03,-3.648463429027571578e+02,-1.359666746831815942e+02,8.728251661911839321e+00,-1.886686424410522367e+00,-9.862920287729258106e+00,2.547988925131917659e-01,4.152103442608526907e-08
4.074418604651163332e+04,3.611617569226688307e-01,1.383134959165408795e-01,-8.659476546656965507e-03,-3.803908188474827057e+02,-1.419408901547672031e+02,9.100874858609007134e+00,7.106702363728828686e+00,-9.758818363839173671e+00,-1.047600643450765784e-01,4.170186212143994825e-08
4.244186046511628228e+04,3.743762154694850741e-01,1.425948508174657292e-01,-8.925866357408242940e-03,-3.959305035556819803e+02,-1.479133177999453324e+02,9.473383424658303298e+00,1.278297834835587743e+01,-4.787820041473202615e+00,-4.170616105966286069e-01,4.173262518395992916e-08
4.413953488372093125e+04,3.888438767172125443e-01,1.463750070724501584e-01,-9.233513530528406413e-03,-4.114657676507641781e+02,-1.538840939725452017e+02,9.845786219232158132e+00,1.406066945835718585e+01,1.930902198888560850e+00,-5.846877732265203242e-01,4.173662349234177250e-08
4.583720930232558021e+04,4.045643493800997192e-01,1.503177368066871411e-01,-9.593963119820383273e-03,-4.269969402716285458e+02,-1.598533399737713410e+02,1.021809111075166498e+01,1.094224375362401602e+01,8.075816514044710459e+00,-5.672791542106507823e-01,4.173066731040490615e-08
4.753488372093023645e+04,4.213886483080740430e-01,1.550920352005065728e-01,-1.001293556742949460e-02,-4.425243150516214428e+02,-1.658211641914893733e+02,1.059030511951705833e+01,3.949845944183115520e+00,1.130707719552773938e+01,-3.448485592548983791e-01,4.168934394814578192e-08
4.923255813953488541e+04,4.387415241198650562e-01,1.615463448117746004e-01,-1.048230715480192449e-02,-4.580481550546288645e+02,-1.717876638709412589e+02,1.096243453551732294e+01,-4.903369207177895817e+00,8.657077607168913502e+00,5.416547603925092602e-02,4.146581139934391174e-08
5.093023255813953438e+04,4.548145421921097609e-01,1.700298184212171715e-01,-1.093615324152303649e-02,-4.735686968789759703e+02,-1.777529265919685599e+02,1.133448501643629491e+01,-9.290538003401172418e+00,-1.095258825590399887e+00,3.991334966237329307e-01,4.139024512989678136e-08
5.262790697674419062e+04,4.684105515071366743e-01,1.781909665424950551e-01,-1.128582397931856586e-02,-4.890861540948043285e+02,-1.837170315119855388e+02,1.170646166975623359e+01,-5.023200891868421891e+00,-9.723937542122147448e+00,3.799329823066877609e-01,4.166140559088620529e-08
5.432558139534883958e+04,4.810916445908955952e-01,1.847063346122628236e-01,-1.157044722468836793e-02,-5.046007201457474025e+02,-1.896800504149543656e+02,1.207836912197586443e+01,2.434942446086086676e+00,-1.259915093073292169e+01,1.334213828559536741e-01,4.172209550804796805e-08
5.602325581395348854e+04,4.939883238063361159e-01,1.897932107203992302e-01,-1.183881782330928334e-02,-5.201125708033864612e+02,-1.956420485984316429e+02,1.245021157722021243e+01,9.129876066146108471e+00,-1.048077496450390811e+01,-1.697264088739759147e-01,4.173141408256835269e-08
5.772093023255814478e+04,5.076888553646707880e-01,1.938829097076287256e-01,-1.212187124399490695e-02,-5.356218662568621767e+02,-2.016030856330221468e+02,1.282199286718018172e+01,1.300432475852190528e+01,-4.877390338529926872e+00,-4.213080269355178320e-01,4.172930702593023738e-08
5.941860465116279374e+04,5.226160323441474409e-01,1.974730238963314233e-01,-1.244510982571777821e-02,-5.511287529038655748e+02,-2.075632160146403464e+02,1.319371649389387180e+01,1.257980774804791402e+01,2.470560472547015607e+00,-5.321256007526201648e-01,4.170736040521062897e-08
6.111627906976744271e+04,5.391136369385775007e-01,2.013587952652656221e-01,-1.283607746506139000e-02,-5.666333648921693111e+02,-2.135224897260892192e+02,1.356538566655670941e+01,6.654190809867493783e+00,8.781413580673222086e+00,-4.058387221824279467e-01,4.157331746108406193e-08
6.281395348837209895e+04,5.568694869160899508e-01,2.070121162271796877e-01,-1.330799260171253856e-02,-5.821358254514587998e+02,-2.194809527222761858e+02,1.393700333332574814e+01,-3.680071827374924442e+00,8.906505133530274065e+00,3.782100557760906950e-03,4.130740142088990983e-08
6.451162790697674791e+04,5.734937584791317544e-01,2.149841212310735772e-01,-1.377530468701769137e-02,-5.976362480475891061e+02,-2.254386473511853524e+02,1.430857220890500869e+01,-1.006277400837481473e+01,9.180567158660917215e-01,3.974639790019194319e-01,4.159035051380098384e-08
6.620930232558140415e+04,5.879995702483856723e-01,2.230953414169883908e-01,-1.416073608277754019e-02,-6.131347373872472417e+02,-2.313956127223770523e+02,1.468009479857729538e+01,-9.041362641815531731e+00,-7.559815111029672074e+00,5.048741387481204823e-01,4.170872727696678581e-08
6.790697674418604583e+04,6.012813313027924877e-01,2.302179805788457934e-01,-1.448024210126216092e-02,-6.286313902989132885e+02,-2.373518850301467182e+02,1.505157341923764491e+01,-3.744240946210280363e+00,-1.258185283839534740e+01,3.818180162600137151e-01,4.172795529841485276e-08
6.960465116279070207e+04,6.141380556649700395e-01,2.360917537731308524e-01,-1.476109820935310457e-02,-6.441262965051041647e+02,-2.433074978359784382e+02,1.542301021783751303e+01,3.033864956582705830e+00,-1.323744329351461424e+01,1.237005753105475808e-01,4.172933726841719796e-08
7.130232558139535831e+04,6.272210192895061320e-01,2.406963397568186447e-01,-1.502887957731558616e-02,-6.596195393012210388e+02,-2.492624823177154951e+02,1.579440718761849816e+01,9.015009059735540120e+00,-9.455396735184162793e+00,-1.800205035529425512e-01,4.171834645644764011e-08
7.300000000000000000e+04,6.412637232895155304e-01,2.441891656028216673e-01,-1.531553300660753320e-02,-6.751111961552376215e+02,-2.552168674903786325e+02,1.616576618245465369e+01,1.163359459734805945e+01,-1.786310881460294819e+00,-4.175985123949543798e-01,4.164805051871196497e-08
7.469767441860465624e+04,6.572023407428597697e-01,2.473309657401380202e-01,-1.567158888252786347e-02,-6.906013392394391985e+02,-2.611706804022109623e+02,1.653708892956348109e+01,7.615041625789148227e+00,7.108784416304412268e+00,-4.122792056880773548e-01,4.136392235863396225e-08
7.639534883720931248e+04,6.749363265818548729e-01,2.522441027020680959e-01,-1.613002917557129073e-02,-7.060900359033021232e+02,-2.671239463088456887e+02,1.690837704080202641e+01,-2.688708859765076564e+00,9.805750845330665655e+00,-4.869394905403449936e-02,4.149255142774639621e-08
7.809302325581395417e+04,6.918869753703765779e-01,2.593778423399025757e-01,-1.659600865731844510e-02,-7.215773490943375919e+02,-2.730766888279556497e+02,1.727963202272427168e+01,-1.025689379296173342e+01,4.733093315637000309e+00,3.413747449593777517e-01,4.169618128869922870e-08
7.979069767441861040e+04,7.072400434081975718e-01,2.671633647803744460e-01,-1.700976624302576873e-02,-7.370633377331372458e+02,-2.790289300779352857e+02,1.765085528556051742e+01,-1.224101575532731978e+01,-2.621235635997791302e+00,5.488723018345366134e-01,4.173213992513571197e-08
8.148837209302326664e+04,7.212559603258097418e-01,2.746504172646736519e-01,-1.736510978987731990e-02,-7.525480570502083992e+02,-2.849806908026962446e+02,1.802204815126777504e+01,-9.551897487813601373e+00,-8.933093690024611178e+00,5.521336115309802839e-01,4.173712140332258676e-08
8.318604651162790833e+04,7.343279652006047264e-01,2.812920505430501761e-01,-1.766816357044867156e-02,-7.680315588884268436e+02,-2.909319904833154169e+02,1.839321186075471459e+01,-3.564952913994253514e+00,-1.228913614400088683e+01,3.725778078101075197e-01,4.173228428041371540e-08
8.488372093023256457e+04,7.469565226576162509e-01,2.866399517932563534e-01,-1.793104014856915923e-02,-7.835138919747595310e+02,-2.968828474383797129e+02,1.876434758037875028e+01,3.969308640166349988e+00,-1.112106162789323349e+01,5.257187637503704658e-02,4.169713155092479206e-08
8.658139534883720626e+04,7.600512867791683336e-01,2.903331976791193592e-01,-1.818366731581014945e-02,-7.989951021650271059e+02,-3.028332789146224400e+02,1.913545640780327162e+01,9.868985262454518903e+00,-4.166268948217935808e+00,-3.031976345763309766e-01,4.149682142399909394e-08
8.827906976744186250e+04,7.752525687248335018e-01,2.929949218888783236e-01,-1.850221393196200409e-02,-8.144752326650930172e+02,-3.087833011691042771e+02,1.950653937729169840e+01,8.396259388780988431e+00,6.395516263933926027e+00,-4.282883831193765034e-01,4.135983207386785123e-08
8.997674418604651873e+04,7.924258065964442377e-01,2.972361079666763217e-01,-1.892682338985563623e-02,-8.299543242315526186e+02,-3.147329295438142367e+02,1.987759746450455012e+01,2.197725049829668542e-02,1.143088058369906967e+01,-1.822782848100950037e-01,4.164570527914149093e-08
9.167441860465116042e+04,8.094642423058643343e-01,3.034111393670920753e-01,-1.937978843031772092e-02,-8.454324153538248083e+02,-3.206821785329547652e+02,2.024863159084908304e+01,-7.884095743470409090e+00,9.700205948115568688e+00,1.630023216529283281e-01,4.171773319950314013e-08
9.337209302325581666e+04,8.255010325140814675e-01,3.106674971571926624e-01,-1.981173722507790017e-02,-8.609095424190550148e+02,-3.266310618441746669e+02,2.061964262742839082e+01,-1.228953897852807486e+01,4.185729111158501325e+00,4.348432533513468257e-01,4.172902014191308688e-08
9.506976744186047290e+04,8.403002877521890124e-01,3.182889068681601374e-01,-2.020079429040733468e-02,-8.763857398625299311e+02,-3.325795924546623610e+02,2.099063139864057348e+01,-1.236907401561572328e+01,-2.606911492542270725e+00,5.567192685461986867e-01,4.172775542376068330e-08
9.676744186046511459e+04,8.538137149728237674e-01,3.256254361637801464e-01,-2.053370964202724802e-02,-8.918610403050751074e+02,-3.385277826622730117e+02,2.136159868546285168e+01,-7.953658306017023172e+00,-8.404150682717826726e+00,4.822780744190498514e-01,4.170895351139412494e-08
9.846511627906977083e+04,8.662134097242379926e-01,3.318585634748350000e-01,-2.080307025981953384e-02,-9.073354746785460065e+02,-3.444756441321301850e+02,2.173254522845113001e+01,3.548051355197674450e-01,-1.034268448567015852e+01,1.855857597743064413e-01,4.159308085135725523e-08
1.001627906976744271e+05,8.785111448984648241e-01,3.359798717832734871e-01,-2.103158627484599461e-02,-9.228090723404997107e+02,-3.504231879392110613e+02,2.210347173048345581e+01,9.017138145034484964e+00,-4.894938856102821312e+00,-2.539178602242516125e-01,4.130801262279297742e-08
1.018604651162790688e+05,8.929772653556961037e-01,3.387067100331550007e-01,-2.132215409117408506e-02,-9.382818611791163903e+02,-3.563704246074761954e+02,2.247437885927363865e+01,1.009155518072005719e+01,5.429767648991331797e+00,-4.762937694469208671e-01,4.157029617894804774e-08
1.035581395348837250e+05,9.093493938445177394e-01,3.424885804749451257e-01,-2.170701417474988487e-02,-9.537538677097437585e+02,-3.623173641460291492e+02,2.284526724968118216e+01,4.495964970331169042e+00,1.206288046329436092e+01,-3.687639226683955829e-01,4.170708269821166437e-08
1.052558139534883812e+05,9.261907490451178893e-01,3.478058833945709694e-01,-2.213733134325655133e-02,-9.692251171638162077e+02,-3.682640160821489985e+02,2.321613750583462021e+01,-2.743552762716471527e+00,1.332394627104616980e+01,-1.021603733839994976e-01,4.172950527848189551e-08
1.069534883720930229e+05,9.426699263569209286e-01,3.544011001477018752e-01,-2.257551420528104008e-02,-9.846956335703873719e+02,-3.742103894916386366e+02,2.358699020308336003e+01,-8.718586701125293104e+00,1.011381969083751287e+01,1.920167533462042164e-01,4.173172478294163427e-08
1.086511627906976792e+05,9.582476031348345913e-01,3.619060346870217604e-01,-2.299367208929686129e-02,-1.000165439831288495e+03,-3.801564930269441334e+02,2.395782588979763617e+01,-1.154245929379939284e+01,3.720513835569029926e+00,4.162014481301926638e-01,4.172265683319408853e-08
1.103488372093023354e+05,9.724346516032870147e-01,3.697841678707305402e-01,-2.336297950789489181e-02,-1.015634557790600752e+03,-3.861023349431660563e+02,2.432864508903079326e+01,-9.504082871232615304e+00,-3.979149579686997562e+00,4.695577127337048906e-01,4.166344613854736316e-08
1.120465116279069771e+05,9.848920504568821066e-01,3.769443240866842126e-01,-2.365092153662460422e-02,-1.031103008298931627e+03,-3.920479231220783731e+02,2.469944830005593772e+01,-1.417459555550656169e+00,-9.168109871462515770e+00,2.383436324699867714e-01,4.139482869452312905e-08
1.137441860465116333e+05,9.967408954481105088e-01,3.816887870516358916e-01,-2.387254877931316646e-02,-1.046570811272864148e+03,-3.979932650942690202e+02,2.507023599978717954e+01,8.795779365121823901e+00,-5.907571526494043823e+00,-2.247939655215127619e-01,4.146100771605963943e-08
1.154418604651162896e+05,1.010461283610639693e+00,3.849232979245318376e-01,-2.414239242260399210e-02,-1.062037985749838981e+03,-4.039383680596232580e+02,2.544100864409470120e+01,1.246008606516591222e+01,2.634122206302362379e+00,-5.192157998082549408e-01,4.168785343844843887e-08
1.171395348837209312e+05,1.025917326610689795e+00,3.884986589532190004e-01,-2.448729574635778727e-02,-1.077504549939131039e+03,-4.098832389065175903e+02,2.581176666902581474e+01,1.005087146497824158e+01,9.982714948524836984e+00,-5.510230229172926597e-01,4.173015802743379692e-08
1.188372093023255875e+05,1.042324480766605665e+00,3.930855101874671798e-01,-2.488770845204231127e-02,-1.092970521269350229e+03,-4.158278842295703157e+02,2.618251049193943203e+01,4.312600959028239700e+00,1.379226710072460627e+01,-3.886058017859138625e-01,4.173627338333457558e-08
1.205348837209302437e+05,1.059031853884337071e+00,3.989044814649079784e-01,-2.532155931396609660e-02,-1.108435916432471231e+03,-4.217723103460654102e+02,2.655324051255933782e+01,-2.477787923803630665e+00,1.329101595274654457e+01,-1.091726834590320966e-01,4.173238513148381238e-08
1.222325581395348854e+05,1.075381112600740874e+00,4.060266681044303327e-01,-2.576387488702419973e-02,-1.123900751424740065e+03,-4.277165233112693272e+02,2.692395711395395352e+01,-8.017330072806934993e+00,8.230283653186118542e+00,1.999156056672793946e-01,4.170226507528339523e-08
1.239302325581395417e+05,1.090458055504696322e+00,4.142430341497160828e-01,-2.617461225637672528e-02,-1.139365041584786013e+03,-4.336605289327475248e+02,2.729466066344931363e+01,-9.108012208201095916e+00,-6.586830727894561477e-01,3.985839770593393450e-01,4.152460561174768154e-08
1.256279069767441979e+05,1.103255871635944629e+00,4.222194861888234341e-01,-2.649043466857202433e-02,-1.154828801629218560e+03,-4.396043327837488164e+02,2.766535151348087496e+01,-2.227866262227208516e+00,-8.709082066072536321e+00,2.652733655704250237e-01,4.133490322572678758e-08
1.273255813953488396e+05,1.115178123233948604e+00,4.277969955672925595e-01,-2.672960013751725372e-02,-1.170292045685915127e+03,-4.455479402156565243e+02,2.803603000238878096e+01,7.713362949964298387e+00,-8.368411266611035515e+00,-1.361491183528629190e-01,4.162888612172085645e-08
1.290232558139534958e+05,1.128298565348441418e+00,4.317763447459556092e-01,-2.698863199423166132e-02,-1.185754787324982772e+03,-4.514913563695388916e+02,2.840669645515937347e+01,1.346153161079775806e+01,-2.437865455919467017e+00,-4.680369195436926422e-01,4.171397503403856904e-08
1.307209302325581521e+05,1.142883209449573334e+00,4.354147233696559205e-01,-2.730003063770519711e-02,-1.201217039587692170e+03,-4.574345861870692147e+02,2.877735118411884585e+01,1.408615027235966899e+01,4.684804896966134891e+00,-6.167016454319613761e-01,4.172751045179119190e-08
1.324186046511628083e+05,1.158700614019515740e+00,4.394578043694175040e-01,-2.766757570399862309e-02,-1.216678815013671283e+03,-4.633776344207489615e+02,2.914799448958330075e+01,1.039686489448850715e+01,1.039118200290105243e+01,-5.689227785728274700e-01,4.172709587025109396e-08
1.341162790697674500e+05,1.175406793186905663e+00,4.444586182548228015e-01,-2.808720858733322265e-02,-1.232140125666355743e+03,-4.693205056434348421e+02,2.951862666046720918e+01,3.597010522524971776e+00,1.274672868252083546e+01,-3.388986665766440809e-01,4.171111013588297497e-08
1.358139534883720917e+05,1.192409031109119999e+00,4.509655072736244996e-01,-2.854488559822285915e-02,-1.247600983156805569e+03,-4.752632042572570299e+02,2.988924797485350382e+01,-4.239998603678528433e+00,9.833307164661301059e+00,2.424362231952504471e-02,4.161170684492007112e-08
1.375116279069767625e+05,1.208381098702795642e+00,4.592507198984643324e-01,-2.899254609456777820e-02,-1.263061398666015521e+03,-4.812057345020023718e+02,3.025985870052827309e+01,-8.474851752441436403e+00,6.985809868206032114e-01,3.523825721145498746e-01,4.131761068928416611e-08
1.392093023255814041e+05,1.221784833536193826e+00,4.675992443152234834e-01,-2.933905889183158200e-02,-1.278521382965880093e+03,-4.871481004630322218e+02,3.063045909548316814e+01,-3.726876881803573127e+00,-8.658164459807176527e+00,3.267319133004842890e-01,4.154839248856654108e-08
1.409069767441860458e+05,1.234121542255358639e+00,4.739806672268203069e-01,-2.960881525620145949e-02,-1.293980946438985711e+03,-4.930903060787258028e+02,3.100104940838820866e+01,4.752249606885513344e+00,-1.113434038518852276e+01,3.261374599112420308e-02,4.170521744614693900e-08
1.426046511627907166e+05,1.246934038140846468e+00,4.787907522713475972e-01,-2.987014039059070897e-02,-1.309440099097156462e+03,-4.990323551474007218e+02,3.137162987903544220e+01,1.156565598393473415e+01,-8.114352328544688575e+00,-2.909647798423706244e-01,4.173125991055678344e-08
1.443023255813953583e+05,1.260774996126867720e+00,4.827438980308720318e-01,-3.015748921830849194e-02,-1.324898850598859781e+03,-5.049742513338803747e+02,3.174220073875644488e+01,1.478006589155046768e+01,-2.097221113781087887e+00,-5.234778922194489592e-01,4.173431203056187043e-08
1.460000000000000000e+05,1.275865788859061878e+00,4.864583166186851049e-01,-3.049044933970276178e-02,-1.340357210265655567e+03,-5.109159981757063633e+02,3.211276221081602955e+01,1.362112824180025150e+01,4.754501275046232323e+00,-5.964070786101417498e-01,4.172687668748221533e-08
1.476976744186046708e+05,1.292290526024716169e+00,4.906338977145479063e-01,-3.088456652906856198e-02,-1.355815187097721264e+03,-5.168575990889781906e+02,3.248331451078345111e+01,7.794649541110389102e+00,9.992546680720231222e+00,-4.553724863832119829e-01,4.167704255723620518e-08
1.493953488372093125e+05,1.309741886620190865e+00,4.963100718116338905e-01,-3.134571865197132573e-02,-1.371272789788480623e+03,-5.227990573738412650e+02,3.285385784688227773e+01,-1.624303557727220682e+00,9.980901033112370868e+00,-7.981348743625393816e-02,4.142842246898489881e-08
1.510930232558139542e+05,1.326468646608345958e+00,5.043273271428769799e-01,-3.181882638847401135e-02,-1.386730026738379593e+03,-5.287403762196538537e+02,3.322439242032037754e+01,-8.509757507988018332e+00,1.779468527254426835e+00,3.375966330021077377e-01,4.142737136706215133e-08
1.527906976744186250e+05,1.340765031586841127e+00,5.126594751747920453e-01,-3.220066208322264201e-02,-1.402186906067869813e+03,-5.346815587098999458e+02,3.359491842560149877e+01,-6.894726771958341160e+00,-7.523943520365384607e+00,4.357572310581102060e-01,4.167665623058127372e-08
1.544883720930232666e+05,1.353758636752893318e+00,5.197205042807475639e-01,-3.250848207201231799e-02,-1.417643435629756596e+03,-5.406226078268587116e+02,3.396543605082040074e+01,-7.236185957182245110e-01,-1.238130812516609680e+01,2.750319552576823146e-01,4.172675462770199901e-08
1.561860465116279083e+05,1.366527198705405066e+00,5.253858628864958025e-01,-3.278302659289168003e-02,-1.433099623020858871e+03,-5.465635264559657571e+02,3.433594547794146479e+01,6.233568960299335160e+00,-1.235692259280223659e+01,-2.066638654112539289e-03,4.173423585998494839e-08
1.578837209302325791e+05,1.379745624525052561e+00,5.298595334656599487e-01,-3.305472230375240683e-02,-1.448555475592996117e+03,-5.525043173899484827e+02,3.470644688306214221e+01,1.161597235241302783e+01,-8.164327368772939408e+00,-2.891038434480667219e-01,4.173120939207693538e-08
1.595813953488372208e+05,1.393983945898732868e+00,5.334665660171917789e-01,-3.335193002642300453e-02,-1.464011000463400933e+03,-5.584449833327662418e+02,3.507694043666249684e+01,1.342959119081238839e+01,-9.405687231959951600e-01,-4.868714209185395214e-01,4.170528632188752211e-08
1.612790697674418625e+05,1.409849321970485514e+00,5.368741742093035008e-01,-3.371045177972661899e-02,-1.479466204524605700e+03,-5.643855269033480226e+02,3.544742630384185844e+01,9.550549017255857365e+00,6.980386269087399675e+00,-4.701311117590208366e-01,4.154910323552381750e-08
1.629767441860465333e+05,1.427466963864691074e+00,5.416688556666527932e-01,-3.416292090978551022e-02,-1.494921094453828573e+03,-5.703259506391285640e+02,3.581790464454319789e+01,-4.591320919305018622e-01,1.004882899248134187e+01,-1.247289529432556859e-01,4.131718230400148509e-08
1.646744186046511750e+05,1.444583886877460310e+00,5.489852235712129325e-01,-3.463940587471579097e-02,-1.510375676721859008e+03,-5.762662569993765374e+02,3.618837561376568601e+01,-8.718279288475132560e+00,4.295784619658137515e+00,3.047074630022614805e-01,4.161114325300600546e-08
1.663720930232558167e+05,1.459771507514576960e+00,5.570126623120784659e-01,-3.505147246304826658e-02,-1.525829957601447177e+03,-5.822064483683664093e+02,3.655883936176620352e+01,-1.022955293067204607e+01,-3.945036115877923688e+00,5.088264904589888671e-01,4.171102918390937646e-08
1.680697674418604583e+05,1.473526258929166666e+00,5.644882440668612666e-01,-3.539687723191938667e-02,-1.541283943175319337e+03,-5.881465270584228620e+02,3.692929603425108809e+01,-6.729502308053491255e+00,-1.025578583534419508e+01,4.797798697897136533e-01,4.172709712570710241e-08
1.697674418604651291e+05,1.486490895886580565e+00,5.709218776424797026e-01,-3.569267098535817279e-02,-1.556737639343801447e+03,-5.940864953127857007e+02,3.729974577255826773e+01,-4.665240057096845527e-01,-1.292207221039332055e+01,2.772124363425957916e-01,4.172753777139252404e-08
1.714651162790697708e+05,1.499269241974845901e+00,5.760702318179470316e-01,-3.595865477276311700e-02,-1.572191051832039420e+03,-6.000263553083220813e+02,3.767018871383012169e+01,6.447169706044620696e+00,-1.109269259843384603e+01,-2.961034496358729701e-02,4.171407570350146693e-08
1.731627906976744125e+05,1.512634355632583194e+00,5.798340693252809208e-01,-3.622387901772905483e-02,-1.587644186196853525e+03,-6.059661091581168648e+02,3.804062499117785023e+01,1.130736665725851786e+01,-4.420498695919882870e+00,-3.390678196300548897e-01,4.162941581434620888e-08
1.748604651162790833e+05,1.527776148232256048e+00,5.826906578576414031e-01,-3.654403832152439829e-02,-1.603097047833267425e+03,-6.119057589139478068e+02,3.841105473383800728e+01,9.951663582990207146e+00,5.424989316146164420e+00,-4.563354944443256955e-01,4.133556839006567508e-08
1.765581395348837250e+05,1.545129771024646770e+00,5.868187208534816346e-01,-3.697442738236703108e-02,-1.618549641980743218e+03,-6.178453065686493346e+02,3.878147806732165037e+01,8.578782038933150389e-01,1.082239971035384585e+01,-1.879877620282220108e-01,4.152379373264129859e-08
1.782558139534883667e+05,1.562329421284953224e+00,5.932361477985428344e-01,-3.743858858531703276e-02,-1.634001973729126576e+03,-6.237847540583389900e+02,3.915189511355631424e+01,-7.698173253998620957e+00,8.211066319720027096e+00,1.985190815566755529e-01,4.170213700038156762e-08
1.799534883720930375e+05,1.578232164164418361e+00,6.007201344909200991e-01,-3.786970495287274308e-02,-1.649454048024266058e+03,-6.297241032645387122e+02,3.952230599102094999e+01,-1.171838126186383278e+01,1.868478906595860467e+00,4.694526033016788169e-01,4.173239817169490906e-08
1.816511627906976792e+05,1.592789694782555943e+00,6.083322646952542545e-01,-3.824949917875834771e-02,-1.664905869673394363e+03,-6.356633560162221102e+02,3.989271081487488146e+01,-1.103375477348305722e+01,-4.922688650525380183e+00,5.608766915869235481e-01,4.173631366578172815e-08
1.833488372093023208e+05,1.606185862919130791e+00,6.154356767704376452e-01,-3.857419262210497191e-02,-1.680357443350276071e+03,-6.416025140917607814e+02,4.026310969708081444e+01,-6.287401905484209408e+00,-9.934628819972584068e+00,4.595729332535153921e-01,4.173023606652555035e-08
1.850465116279069916e+05,1.618750031989894200e+00,6.214273139441648386e-01,-3.884638951304300591e-02,-1.695808773600112545e+03,-6.475415792207687673e+02,4.063350274652213301e+01,1.368548486225743543e+00,-1.105778682606577057e+01,1.746508052301218583e-01,4.168814741381124259e-08
1.867441860465116333e+05,1.631276079659247813e+00,6.256500356943408558e-01,-3.908624658037339328e-02,-1.711259864844211052e+03,-6.534805530858621978e+02,4.100389006911479584e+01,9.157052839949098910e+00,-5.993418034388496629e+00,-2.233799234502397701e-01,4.146201444452756475e-08
1.884418604651162750e+05,1.645606747010285531e+00,6.282852764983744009e-01,-3.937029588137817837e-02,-1.726710721384434919e+03,-6.594194373243442442e+02,4.137427176791409522e+01,1.063204484681484630e+01,4.623808250379781271e+00,-4.668033018802892342e-01,4.139381211871871472e-08
1.901395348837209458e+05,1.662212874964523968e+00,6.319322395264697079e-01,-3.976258090662854183e-02,-1.742161347407470430e+03,-6.653582335298326598e+02,4.174464794321691841e+01,4.146492904657947065e+00,1.170164153454028444e+01,-3.315895444626600908e-01,4.166298541228441218e-08
1.918372093023255875e+05,1.679229349988135667e+00,6.374085496010413188e-01,-4.020308938006791899e-02,-1.757611746988921823e+03,-6.712969432537986449e+02,4.211501869265946851e+01,-3.775247772004441060e+00,1.237995889128893268e+01,-2.766753243230071421e-02,4.172251216774443195e-08
1.935348837209302292e+05,1.695638568841427940e+00,6.441916394123656797e-01,-4.064219764844038962e-02,-1.773061924097200063e+03,-6.772355680070294284e+02,4.248538411131045933e+01,-9.573492610845214301e+00,8.486754696420799604e+00,2.713742358494191653e-01,4.173163455283712482e-08
1.952325581395349000e+05,1.710996538457658867e+00,6.517061036012685715e-01,-4.105220001054701862e-02,-1.788511882597239264e+03,-6.831741092610419628e+02,4.285574429176032396e+01,-1.169509942505629141e+01,2.034855633964339106e+00,4.686183167775073155e-01,4.172944010061871685e-08
1.969302325581395417e+05,1.725034235956885986e+00,6.593566849704499688e-01,-4.141201139006246701e-02,-1.803961626254068960e+03,-6.891125684494405732e+02,4.322609932420668599e+01,-9.198988441472378597e+00,-4.893468151987856452e+00,4.903068398333665923e-01,4.170712120450273096e-08
1.986279069767441833e+05,1.737641784834251135e+00,6.662803283894531692e-01,-4.170221630781476008e-02,-1.819411158736237667e+03,-6.950509469692099174e+02,4.359644929653622825e+01,-1.700789115606846647e+00,-9.279164419916396511e+00,2.685223492319288030e-01,4.157092740671928953e-08
2.003255813953488541e+05,1.749537269500600623e+00,6.711448683957665917e-01,-4.192818999038516736e-02,-1.834860483619087063e+03,-7.009892461819478058e+02,4.396679429440300879e+01,8.287584055927140980e+00,-6.462189224839280932e+00,-1.779323957319219329e-01,4.130784516056258802e-08
2.020232558139534958e+05,1.763175259318185084e+00,6.741079616477345660e-01,-4.219041058455381965e-02,-1.850309604387873378e+03,-7.069274674150422015e+02,4.433713440130335925e+01,1.217982948652394981e+01,3.005964128706654304e+00,-4.975757178669163450e-01,4.159247629135261824e-08
2.037209302325581375e+05,1.778876225287912227e+00,6.775328392535615585e-01,-4.254282217802317356e-02,-1.865758524440762812e+03,-7.128656119628177521e+02,4.470746969864779885e+01,8.854920988154672656e+00,1.085849649287150598e+01,-5.017064244193365496e-01,4.170888400575029083e-08
2.054186046511628083e+05,1.795471999134462315e+00,6.822453592773165543e-01,-4.295330544723477417e-02,-1.881207247091725321e+03,-7.188036810876287745e+02,4.507780026583004940e+01,2.399231525679757837e+00,1.420648332577813022e+01,-3.026811787774145723e-01,4.172777692072097180e-08
2.071162790697674500e+05,1.812126339040339706e+00,6.882738421848375587e-01,-4.338905820465056851e-02,-1.896655775573294022e+03,-7.247416760208965343e+02,4.544812618029312290e+01,-4.261976005576406656e+00,1.295086110173887128e+01,-1.524535988913849199e-02,4.172906677713991492e-08
2.088139534883720917e+05,1.828207936439030235e+00,6.954581577703238260e-01,-4.382215369722796544e-02,-1.912104113039205458e+03,-7.306795979641092345e+02,4.581844751759263090e+01,-8.920314654657808262e+00,7.651784271968428364e+00,2.629103855098304243e-01,4.171784375643302902e-08
2.105116279069767625e+05,1.843053260094280610e+00,7.034423915343064326e-01,-4.421997024238388807e-02,-1.927552262566936633e+03,-7.366174480897889225e+02,4.618876435145764958e+01,-9.254679812485662183e+00,-4.457210363346748583e-01,4.176721140925749864e-01,4.164619056488372697e-08
2.122093023255814041e+05,1.855973111688827615e+00,7.112271946721802074e-01,-4.453765098812674517e-02,-1.943000227160149052e+03,-7.425552275424192885e+02,4.655907675384917610e+01,-2.854181266271119899e+00,-7.845835404043477901e+00,2.921261213806554680e-01,4.136068042382929297e-08
2.139069767441860458e+05,1.867674058366655121e+00,7.167978300804738190e-01,-4.476821733895691713e-02,-1.958448009751039763e+03,-7.484929374393340140e+02,4.692938479501633253e+01,7.809552816106238637e+00,-7.500816254843329922e+00,-1.381396070826836353e-01,4.149588877654009317e-08
2.156046511627907166e+05,1.880751047654811714e+00,7.204650977076418883e-01,-4.502040557667105064e-02,-1.973895613202587128e+03,-7.544305788715588506e+02,4.729968854355016816e+01,1.365916281836631896e+01,-4.978672363885814356e-01,-4.927556155777824687e-01,4.169691034214210823e-08
2.173023255813953583e+05,1.895537853277586393e+00,7.239554240466516966e-01,-4.533759178245073268e-02,-1.989343040310703145e+03,-7.603681529046364176e+02,4.766998806643539410e+01,1.352708637027265404e+01,7.123813849533068066e+00,-6.199885385004304528e-01,4.173223344952229513e-08
2.190000000000000000e+05,1.911521922062840328e+00,7.281045309894838002e-01,-4.571393240340204667e-02,-2.004790293806321870e+03,-7.663056605794189409e+02,4.804028342910027050e+01,9.206291532857433069e+00,1.244079712855257114e+01,-5.402798890006007548e-01,4.173710045181817760e-08
2.206976744186046708e+05,1.928175251815434255e+00,7.333284222758758020e-01,-4.613565428846733152e-02,-2.020237376357401672e+03,-7.722431029128231330e+02,4.841057469546444736e+01,2.543788284357665130e+00,1.399786600293327687e+01,-3.018096512931432440e-01,4.173214928862143156e-08
2.223953488372093125e+05,1.944891898081222426e+00,7.399199873741573175e-01,-4.658373542339037943e-02,-2.035684290570845405e+03,-7.781804808985543787e+02,4.878086192798502196e+01,-4.340764288260601234e+00,1.077046903478251849e+01,2.888118084988975168e-02,4.169636463977170283e-08
2.240930232558139542e+05,1.960693015672047235e+00,7.479722253817160382e-01,-4.702082292672257746e-02,-2.051131038994344181e+03,-7.841177955078078412e+02,4.915114518770075591e+01,-8.023265647452328508e+00,2.433289926133065606e+00,3.211285303031747307e-01,4.149344744655298378e-08
2.257906976744186250e+05,1.974175193163690611e+00,7.564158204966950905e-01,-4.737240364522582459e-02,-2.066577624118157019e+03,-7.900550476899461501e+02,4.952142453427472901e+01,-3.594443040245679732e+00,-7.273101454547746592e+00,3.142782178810373250e-01,4.136300633759102266e-08
2.274883720930232666e+05,1.986218423988306281e+00,7.627847283900719422e-01,-4.763053911510554961e-02,-2.082024048376829796e+03,-7.959922383731545779e+02,4.989170002603547971e+01,5.867412325208134050e+00,-9.722248272878672992e+00,-1.943944014014851313e-02,4.164751898595678167e-08
2.291860465116279083e+05,1.998932357094774348e+00,7.673412696906061203e-01,-4.788379820698331069e-02,-2.097470314150848935e+03,-8.019293684650579053e+02,5.026197172001646152e+01,1.298255904192327392e+01,-5.831769594059387884e+00,-3.702024401693124189e-01,4.171818211990873210e-08
2.308837209302325791e+05,2.012906080635025408e+00,7.711407653865589573e-01,-4.817402712358390127e-02,-2.112916423768221193e+03,-8.078664388533243255e+02,5.063223967199409259e+01,1.569031942713320227e+01,7.067260160436603655e-01,-5.916290371124789393e-01,4.172923405193880082e-08
2.325813953488372208e+05,2.028167845561948734e+00,7.749341381087841985e-01,-4.851543707926737892e-02,-2.128362379506007983e+03,-8.138034504062502492e+02,5.100250393652444814e+01,1.389187661032251953e+01,7.266443854196425356e+00,-6.340072560492502340e-01,4.172787502741107609e-08
2.342790697674418625e+05,2.044584925105587203e+00,7.793596924907277845e-01,-4.891386721893330181e-02,-2.143808183591805118e+03,-8.197404039733220316e+02,5.137276456697865967e+01,8.051528687978130705e+00,1.161453744345427630e+01,-4.769114001897663546e-01,4.170873662197131852e-08
2.359767441860465333e+05,2.061763606502884816e+00,7.851592084043172992e-01,-4.936656859106050566e-02,-2.159253838205168449e+03,-8.256773003857520052e+02,5.174302161557696422e+01,-4.534729876239529389e-01,1.115619418265139196e+01,-1.299577335020171698e-01,4.159089787657305114e-08
2.376744186046511750e+05,2.078442259472923936e+00,7.930198498953733299e-01,-4.983528359092079252e-02,-2.174699345478983105e+03,-8.316141404569970064e+02,5.211327513342158113e+01,-7.209820558455900752e+00,3.487652679758850294e+00,2.730248934172957442e-01,4.130747268368816115e-08
2.393720930232558167e+05,2.092644538767112650e+00,8.015988228860182474e-01,-5.021792129565512408e-02,-2.190144707500780441e+03,-8.375509249832607566e+02,5.248352517052835964e+01,-5.304066507303519806e+00,-6.693865117888933014e+00,3.749127158720779729e-01,4.157262399534242756e-08
2.410697674418604875e+05,2.105320348985613155e+00,8.086310332801021072e-01,-5.051282880747835075e-02,-2.205589926314020431e+03,-8.434876547439848764e+02,5.285377177585743169e+01,1.940940846365307948e+00,-1.146484558398221054e+01,1.699235792753135965e-01,4.170724942647815822e-08
2.427674418604651291e+05,2.117974563548614242e+00,8.140608056626568168e-01,-5.077895360595156837e-02,-2.221035003919328574e+03,-8.494243305023110224e+02,5.322401499734272079e+01,9.261020196319009301e+00,-1.063052836028813708e+01,-1.357388790753859820e-01,4.172929315520698875e-08
2.444651162790697708e+05,2.131331351288883624e+00,8.183646513672389045e-01,-5.105343325874872606e-02,-2.236479942275678695e+03,-8.553609530055312007e+02,5.359425488192038500e+01,1.412296777035461837e+01,-5.857792168075654615e+00,-4.121641304090604696e-01,4.173141941027318909e-08
2.461627906976744416e+05,2.145807285978619916e+00,8.220453063233679192e-01,-5.136161520105296530e-02,-2.251924743301540730e+03,-8.612975229855251200e+02,5.396449147555632919e+01,1.506957595500772307e+01,1.094748130203877734e+00,-5.706846290043067205e-01,4.172214955574202163e-08
2.478604651162790833e+05,2.161724909425734698e+00,8.257563354512962306e-01,-5.172773142490018350e-02,-2.267369408875992121e+03,-8.672340411591841303e+02,5.433472482327279351e+01,1.097256961196969804e+01,7.940863704065506568e+00,-5.265347504545896395e-01,4.166177397770666212e-08
2.495581395348837250e+05,2.179103867761102542e+00,8.306475048052570642e-01,-5.217260124297471574e-02,-2.282813940839791030e+03,-8.731705082288176527e+02,5.470495496917403244e+01,1.763230885794755398e+00,1.065856769348132715e+01,-2.068867388776857164e-01,4.139114435067873681e-08
2.512558139534883958e+05,2.196377193919183846e+00,8.380319549588273187e-01,-5.265671879567070807e-02,-2.298258340996414518e+03,-8.791069248825433533e+02,5.507518195647112691e+01,-7.077036832187001636e+00,4.654373840473995827e+00,2.500640691630550694e-01,4.146469522983200063e-08
2.529534883720930375e+05,2.211432028998240540e+00,8.463292950585030727e-01,-5.306841713206421340e-02,-2.313702611113050352e+03,-8.850432917946652651e+02,5.544540582750585855e+01,-8.157249566625297987e+00,-4.543360569052126152e+00,4.536960926991149279e-01,4.168893092419756385e-08
2.546511627906976792e+05,2.224921606810859487e+00,8.538130238214749479e-01,-5.340361729549238795e-02,-2.329146752921567440e+03,-8.909796096260458853e+02,5.581562662377396578e+01,-3.762474512458286569e+00,-1.089517034534094897e+01,3.897406211888087557e-01,4.173045155185440456e-08
2.563488372093023499e+05,2.237781369911616469e+00,8.600610669305481792e-01,-5.369220912691216596e-02,-2.344590768119455333e+03,-8.969158790244608781e+02,5.618584438594751873e+01,2.835028443553715416e+00,-1.292459788289567690e+01,1.627549783234706338e-01,4.173642877054361036e-08
2.580465116279069916e+05,2.250695918923813821e+00,8.650418349144719521e-01,-5.396090001922052709e-02,-2.360034658370726902e+03,-9.028521006249388847e+02,5.655605915389659089e+01,9.240467841931504722e+00,-1.052113813546862531e+01,-1.338360105236582887e-01,4.173243937720248262e-08
2.597441860465116333e+05,2.264318303262138343e+00,8.688693184311724327e-01,-5.423767817261317126e-02,-2.375478425306790541e+03,-9.087882750500945122e+02,5.692627096671014897e+01,1.316942119331356764e+01,-4.083539007566021617e+00,-4.021271336342042702e-01,4.170179841387408242e-08
2.614418604651163041e+05,2.279471904782723879e+00,8.720013226966869535e-01,-5.456330541742857032e-02,-2.390922070527295091e+03,-9.147244029104507490e+02,5.729647986271638871e+01,1.174162708934938593e+01,4.786756071579617355e+00,-4.995298236765281508e-01,4.152163253603885290e-08
2.631395348837209167e+05,2.296748099006594490e+00,8.760115057174875375e-01,-5.498875217394755960e-02,-2.406365595600952020e+03,-9.206604848047529686e+02,5.766668587950233160e+01,2.888403880221369846e+00,1.058494619667088443e+01,-2.477449083236227811e-01,4.133737781794445866e-08
2.648372093023256166e+05,2.314179387716989389e+00,8.825685679308543641e-01,-5.546476149649999521e-02,-2.421809002066331232e+03,-9.265965213202676978e+02,5.803688905393286745e+01,-6.507750495250189893e+00,7.473763110938792309e+00,1.809220858972160617e-01,4.163082694902112202e-08
2.665348837209302583e+05,2.330015929846613876e+00,8.903169988259815870e-01,-5.589803931585379804e-02,-2.437252291432624588e+03,-9.325325130330718366e+02,5.840708942216909350e+01,-1.032572326462529411e+01,1.949112983700735935e-01,4.601196574000986916e-01,4.171435448118988741e-08
2.682325581395349000e+05,2.344354707305613239e+00,8.979830946064280006e-01,-5.627025001089727002e-02,-2.452695465180387146e+03,-9.384684605083378983e+02,5.877728701968609926e+01,-8.904761276213921661e+00,-6.796072332431698726e+00,5.257079699555132768e-01,4.172762210340790651e-08
2.699302325581395417e+05,2.357622845570806369e+00,9.049169383671051836e-01,-5.658707371819818310e-02,-2.468138524762262023e+03,-9.444043643006092452e+02,5.914748188129027540e+01,-3.738984549083367970e+00,-1.122571580273072556e+01,3.975565563404201974e-01,4.172711133452433941e-08
2.716279069767441833e+05,2.370303349935548809e+00,9.106817193682905653e-01,-5.686012930557655248e-02,-2.483581471603678438e+03,-9.503402249540629327e+02,5.951767404113599724e+01,3.482013981625056598e+00,-1.156601246860859789e+01,1.163091889331335504e-01,4.171082280492020115e-08
2.733255813953488250e+05,2.383120346688583524e+00,9.149134170845076852e-01,-5.711190459886300586e-02,-2.499024307103525643e+03,-9.562760430027656184e+02,5.988786353274181096e+01,1.022517749603472303e+01,-6.543582698070428805e+00,-2.393697259717681436e-01,4.160964617012986925e-08
2.750232558139535249e+05,2.397431026541888333e+00,9.177243488876543065e-01,-5.739839461393727443e-02,-2.514467032634805491e+03,-9.622118189709219678e+02,6.025805038900610100e+01,1.174293051910842678e+01,3.448678586742802032e+00,-4.736044949867351805e-01,4.131608670835691675e-08
2.767209302325581666e+05,2.414221955032703093e+00,9.212069716398516572e-01,-5.779534577090662817e-02,-2.529909649545267712e+03,-9.681475533731190808e+02,6.062823464222228864e+01,4.584179020615399835e+00,1.109116327445518557e+01,-3.214271631888148129e-01,4.155098062503878004e-08
2.784186046511628083e+05,2.431478476709937109e+00,9.268721347618420481e-01,-5.824887263367307944e-02,-2.545352159158031100e+03,-9.740832467145597775e+02,6.099841632409366099e+01,-4.203619363488302341e+00,1.109878045528523138e+01,2.866586767303549999e-02,4.170546510073668995e-08
2.801162790697674500e+05,2.447840172201999565e+00,9.339089135044686962e-01,-5.869067685397797579e-02,-2.560794562772174686e+03,-9.800188994912873568e+02,6.136859546574760316e+01,-9.861586080228303075e+00,6.308222411646688066e+00,3.377604828657136959e-01,4.173107291008229604e-08
2.818139534883720917e+05,2.462976231287890005e+00,9.414807249967502845e-01,-5.909300768025345374e-02,-2.576236861663317995e+03,-9.859545121904059215e+02,6.173877209774946095e+01,-1.123251177237929710e+01,-3.540640937232322205e-01,5.087818555400990261e-01,4.173403051263720861e-08
2.835116279069767334e+05,2.476844651481926007e+00,9.489325938694703755e-01,-5.944277837929763664e-02,-2.591679057084181295e+03,-9.918900852902966108e+02,6.210894625011599146e+01,-8.169463632142269560e+00,-6.596912355784462001e+00,4.959512685814745359e-01,4.172642525884781495e-08
2.852093023255814333e+05,2.489558750434069712e+00,9.555663396781677310e-01,-5.973233347806317095e-02,-2.607121150265134929e+03,-9.978256192608238280e+02,6.247911795232846544e+01,-1.068833289332692615e+00,-9.978020303375691569e+00,2.724890627189875403e-01,4.167561653340054127e-08
2.869069767441860749e+05,2.501707991033270240e+00,9.604647498015763674e-01,-5.996915851949677356e-02,-2.622563142414726371e+03,-1.003761114563535784e+03,6.284928723334531497e+01,8.007386969204288718e+00,-7.288890850589776704e+00,-1.354197293489866616e-01,4.142457717586918897e-08
2.886046511627907166e+05,2.515220293229284643e+00,9.633206567428902467e-01,-6.022466216389586735e-02,-2.638005034720192725e+03,-1.009696571651857539e+03,6.321945412161439037e+01,1.231515678877958919e+01,2.544978152959863849e+00,-4.779810294201617960e-01,4.143120967955712243e-08
2.903023255813953583e+05,2.531146174423695605e+00,9.665660816156924628e-01,-6.058305476297709546e-02,-2.653446828347955943e+03,-1.015631990971282789e+03,6.358961864508492567e+01,8.179671930071064523e+00,1.101615085101101954e+01,-4.606192435846204192e-01,4.167805210080099814e-08
2.920000000000000000e+05,2.547960944757660329e+00,9.713931052000561728e-01,-6.100440404822915497e-02,-2.668888524444111226e+03,-1.021567372959558838e+03,6.395978083121912050e+01,9.344439652039926436e-01,1.395461863084947396e+01,-2.230212740425506768e-01,4.172719109847948989e-08
2.936976744186046417e+05,2.564601614456947232e+00,9.776202604690742426e-01,-6.144322372462675264e-02,-2.684330124134896323e+03,-1.027502718046863492e+03,6.432994070700343059e+01,-5.702085682967016567e+00,1.199517156361453019e+01,7.569747433084894617e-02,4.173450495659956094e-08
2.953953488372093416e+05,2.580478162166172318e+00,9.848656547117258242e-01,-6.186936628315913012e-02,-2.699771628527145367e+03,-1.033438026655977183e+03,6.470009829895938935e+01,-9.665963426518953128e+00,6.473707486389958632e+00,3.300781064669128795e-01,4.173138366156296485e-08
2.970930232558139833e+05,2.595132247728836550e+00,9.926588804352061146e-01,-6.225638465273891642e-02,-2.715213038708732256e+03,-1.039373299202454291e+03,6.507025363315436550e+01,-9.353868891894517645e+00,-9.642428016054900297e-01,4.476062068054403320e-01,4.170502041500851900e-08
2.987906976744186250e+05,2.608164546407861106e+00,1.000186484780080987e+00,-6.257420321364247362e-02,-2.730654355749001752e+03,-1.045308536094786632e+03,6.544040673521175222e+01,-3.368923224793682003e+00,-7.473143744149509438e+00,3.230743587282617346e-01,4.154648291187095864e-08
3.004883720930232666e+05,2.619904446043655355e+00,1.005882029666154143e+00,-6.280863827012865552e-02,-2.746095580699191032e+03,-1.051243737734562728e+03,6.581055763032111372e+01,7.136647609490705868e+00,-7.573447072344558606e+00,-9.313341632787212887e-02,4.131877704371335804e-08
3.021860465116279083e+05,2.632841319076868025e+00,1.009303784724795428e+00,-6.305110813818549931e-02,-2.761536714592833960e+03,-1.057178904516621287e+03,6.618070634324784862e+01,1.345478941205334245e+01,2.800626810408650691e-01,-4.812273805719380904e-01,4.161318824277897605e-08
3.038837209302325500e+05,2.647822193863213158e+00,1.012587765251717675e+00,-6.337256255477365097e-02,-2.776977758446153985e+03,-1.063114036829201041e+03,6.655085289834264017e+01,1.262252115853233647e+01,8.615405507520900841e+00,-5.930187988768353957e-01,4.171131671152027884e-08
3.055813953488372499e+05,2.664021091870610203e+00,1.016800167800421928e+00,-6.375869522537543077e-02,-2.792418713258452499e+03,-1.069049135054090357e+03,6.692099731955076436e+01,7.529196352983447582e+00,1.370292740711716561e+01,-4.785525076378445153e-01,4.172708442360491644e-08
3.072790697674418916e+05,2.680687798338465377e+00,1.022232585474900368e+00,-6.418471733653680067e-02,-2.807859580012482184e+03,-1.074984199566766620e+03,6.729113963042094326e+01,7.991396846553457944e-01,1.452260968080741677e+01,-2.245421736901980214e-01,4.172742868592463153e-08
3.089767441860465333e+05,2.697174996009502390e+00,1.028952376166341498e+00,-6.462602924800697757e-02,-2.823300359674808988e+03,-1.080919230736535155e+03,6.766127985411415580e+01,-5.303269302799572316e+00,1.083882935808154357e+01,8.296028298638227771e-02,4.171369603706740044e-08
3.106744186046511750e+05,2.712709544969224229e+00,1.036840140518782594e+00,-6.504976694299738349e-02,-2.838741053196166831e+03,-1.086854228926663154e+03,6.803141801341197947e+01,-8.073511694322398569e+00,3.069257767888027733e+00,3.289933815082741186e-01,4.162745849032642882e-08
3.123720930232558167e+05,2.726277378863723122e+00,1.045098441050208438e+00,-6.540165745859907731e-02,-2.854181661511799120e+03,-1.092789194494511548e+03,6.840155413072491797e+01,-3.964285405506632998e+00,-5.996592992598340111e+00,3.237051461302067890e-01,4.133315251262372334e-08
3.140697674418604583e+05,2.738085827079613566e+00,1.051505075132650013e+00,-6.565122914764193185e-02,-2.869622185541796171e+03,-1.098724127791663250e+03,6.877168822810043025e+01,6.299155048932089329e+00,-8.585249093812144849e+00,-3.949716887420989808e-02,4.152672735400960598e-08
3.157674418604651582e+05,2.750687480348450009e+00,1.055764938930670471e+00,-6.589497269764604814e-02,-2.885062626191421714e+03,-1.104659029164045705e+03,6.914182032723066129e+01,1.378761154670851319e+01,-3.664408560294620365e+00,-4.230801853657810696e-01,4.170257500004423079e-08
3.174651162790697999e+05,2.764828390317447315e+00,1.059366443294688764e+00,-6.618853148837795797e-02,-2.900502984351426221e+03,-1.110593898952050949e+03,6.951195044946014434e+01,1.589132861598345414e+01,3.559329365584825933e+00,-6.323982273834057866e-01,4.173232275422338458e-08
3.191627906976744416e+05,2.780294638786700911e+00,1.063220345500008657e+00,-6.653926005767658858e-02,-2.915943260898357948e+03,-1.116528737490654976e+03,6.988207861579306268e+01,1.335861505734222199e+01,9.900051662270996644e+00,-6.417245037830647814e-01,4.173613764334069878e-08
3.208604651162790833e+05,2.796734039173371045e+00,1.067887226318271043e+00,-6.694290510088989066e-02,-2.931383456694863071e+03,-1.122463545109531651e+03,7.025220484690052558e+01,7.421455361939568007e+00,1.339679545548104755e+01,-4.659375411280172186e-01,4.172991945619331838e-08
3.225581395348837250e+05,2.813661994203335404e+00,1.073856704671940054e+00,-6.738870461044764448e-02,-2.946823572589978994e+03,-1.128398322133163447e+03,7.062232916312763109e+01,-2.249810408543018170e-01,1.233682903971344302e+01,-1.426839165179618341e-01,4.168703307278860695e-08
3.242558139534883667e+05,2.830127543134404622e+00,1.081539819413458892e+00,-6.784595850487296076e-02,-2.962263609419419481e+03,-1.134333068880949668e+03,7.099245158450011672e+01,-6.254141731685668226e+00,5.282301127725687273e+00,2.206445465004576723e-01,4.145829621366165364e-08
3.259534883720930666e+05,2.844406919510551024e+00,1.090233804184935096e+00,-6.823378637072732844e-02,-2.977703568005848410e+03,-1.140267785667311955e+03,7.136257213073119487e+01,-4.636127660289144359e+00,-5.308444774346924078e+00,3.411205304036524222e-01,4.139751144572914255e-08
3.276511627906977083e+05,2.856796748494022431e+00,1.097311548153664607e+00,-6.851821555987713808e-02,-2.993143449159152624e+03,-1.146202472801798194e+03,7.173269082122790508e+01,3.591441314739378221e+00,-1.024552820245578388e+01,9.990446943350120290e-02,4.166463017690259020e-08
3.293488372093023499e+05,2.869307305540838904e+00,1.102524105272219224e+00,-6.877494842682295439e-02,-3.008583253676707045e+03,-1.152137130589182561e+03,7.210280767509743782e+01,1.139643627223684774e+01,-8.658111578597967650e+00,-2.381897830598822541e-01,4.172300748320637062e-08
3.310465116279069916e+05,2.882763650564419855e+00,1.106653949204222664e+00,-6.905047167261123275e-02,-3.024022982343628428e+03,-1.158071759329562383e+03,7.247292271115337314e+01,1.589272308200617090e+01,-3.283359967642495825e+00,-5.105474613317295685e-01,4.173193020082846471e-08
3.327441860465116333e+05,2.897432075898470405e+00,1.110374743353680360e+00,-6.936712795237078011e-02,-3.039462635933025467e+03,-1.164006359318453633e+03,7.284303594792152126e+01,1.614878883416462330e+01,3.522190016390947420e+00,-6.390119297065687265e-01,4.172964206903220795e-08
3.344418604651162750e+05,2.913406946015545174e+00,1.114333302936238113e+00,-6.973994658392820845e-02,-3.054902215206243454e+03,-1.169940930846884385e+03,7.321314740364589113e+01,1.183454031981014865e+01,9.495919218729943267e+00,-5.710092895331606577e-01,4.170693992552279333e-08
3.361395348837209167e+05,2.930553743340589712e+00,1.119392951003553627e+00,-7.017861686717885572e-02,-3.070341720913101653e+03,-1.175875474201485531e+03,7.358325709629428957e+01,3.420535103476928462e+00,1.161784380761339008e+01,-2.726455234616211865e-01,4.156856929251965671e-08
3.378372093023256166e+05,2.947802371129497168e+00,1.126635904330681726e+00,-7.065939193027130638e-02,-3.085781153792126133e+03,-1.181809989664578097e+03,7.395336504356393448e+01,-5.349925841511940838e+00,6.102269217338578855e+00,1.730105304050998938e-01,4.130845472299859828e-08
3.395348837209302583e+05,2.962839885156177022e+00,1.135204657910323434e+00,-7.107523610852477247e-02,-3.101220514570773048e+03,-1.187744477514258506e+03,7.432347126288682659e+01,-6.385944832085795220e+00,-4.051170897558319162e+00,3.915380467802016540e-01,4.159463421890742520e-08
3.412325581395349000e+05,2.976034411174085292e+00,1.142750998542340968e+00,-7.139988399720431644e-02,-3.116659803965649644e+03,-1.193678938024483614e+03,7.469357577143502169e+01,-9.752577945299338857e-01,-1.062820619842727865e+01,2.910581257070445349e-01,4.170909087730180399e-08
3.429302325581395417e+05,2.988730878533406354e+00,1.148813790290379222e+00,-7.167884878357362599e-02,-3.132099022682729810e+03,-1.199613371465153250e+03,7.506367858612581756e+01,6.177448958748947838e+00,-1.201573914424682954e+01,3.078009699009953692e-02,4.172764951713404114e-08
3.446279069767441833e+05,3.001737198410256546e+00,1.153597061325073447e+00,-7.194785373326004208e-02,-3.147538171417563262e+03,-1.205547778102188204e+03,7.543377972362671358e+01,1.224602888557310720e+01,-8.927478472331229042e+00,-2.643327703554010366e-01,4.172884412682647402e-08
3.463255813953488250e+05,3.015615852137391251e+00,1.157428938272843988e+00,-7.223501279920682694e-02,-3.162977250855478815e+03,-1.211482158197608214e+03,7.580387920036029925e+01,1.526287195897311477e+01,-2.511240939413323936e+00,-4.959352940328852766e-01,4.171738257240307280e-08
3.480232558139535249e+05,3.030907817571480756e+00,1.160837412492541132e+00,-7.257106682493369432e-02,-3.178416261671784014e+03,-1.217416512009608368e+03,7.617397703250911434e+01,1.333558928926414566e+01,5.386011155814245832e+00,-5.564931819907230626e-01,4.164434761955809382e-08
3.497209302325581666e+05,3.047996519917428149e+00,1.164982594944394823e+00,-7.299149959634906870e-02,-3.193855204531959771e+03,-1.223350839792634588e+03,7.654407323602021052e+01,5.122925867148414802e+00,1.070610200865593420e+01,-3.218808852648539220e-01,4.135753697317558505e-08
3.514186046511628083e+05,3.065623066646952832e+00,1.171601210699757978e+00,-7.347645338502328816e-02,-3.209294080091851356e+03,-1.229285141797454571e+03,7.691416782660975571e+01,-4.971392297386319825e+00,7.373805705507425756e+00,1.384373521340351021e-01,4.149921085773006084e-08
3.531162790697674500e+05,3.081395168084494429e+00,1.179650837588747336e+00,-7.391251074718074854e-02,-3.224732888997851660e+03,-1.235219418271227596e+03,7.728426081976746786e+01,-8.578909987881935706e+00,-9.643866707326020915e-01,4.277166511875241106e-01,4.169762962471635021e-08
3.548139534883720917e+05,3.095481494871138217e+00,1.187390480272629834e+00,-7.427604687479341661e-02,-3.240171631887083095e+03,-1.241153669457573869e+03,7.765435223076089244e+01,-6.289650756182819435e+00,-8.218309760496373073e+00,4.633151725792215014e-01,4.173232997986978427e-08
3.565116279069767334e+05,3.108603685174866182e+00,1.194163912163254349e+00,-7.458435822998742137e-02,-3.255610309387573125e+03,-1.247087895596643648e+03,7.802444207463973669e+01,-6.279703176459578984e-01,-1.209242077355069789e+01,3.057375084553990430e-01,4.173708298114247416e-08
3.582093023255814333e+05,3.121382902156792483e+00,1.199717988797757151e+00,-7.485776534472246557e-02,-3.271048922118428891e+03,-1.253022096925180904e+03,7.839453036623987714e+01,6.233246554944336104e+00,-1.170119590920425878e+01,2.606673082273473080e-02,4.173201425193837350e-08
3.599069767441860749e+05,3.134483652925820429e+00,1.203938799186059505e+00,-7.512074096658276356e-02,-3.286487470690003192e+03,-1.258956273676587671e+03,7.876461712018745231e+01,1.196949387584498581e+01,-6.646163089484475428e+00,-2.900892489628997262e-01,4.169558157179041199e-08
3.616046511627907166e+05,3.148876492007019579e+00,1.207011483402780527e+00,-7.541515497792121436e-02,-3.301925955704059561e+03,-1.264890426080986117e+03,7.913470235090282756e+01,1.318568314149600340e+01,2.425041155364413115e+00,-4.962657141263267513e-01,4.149004957650435049e-08
3.633023255813953583e+05,3.165609112573554373e+00,1.210368099102923534e+00,-7.580767879821340149e-02,-3.317364377753930967e+03,-1.270824554365281301e+03,7.950478607260433250e+01,6.216887613676339797e+00,1.050294595271643416e+01,-3.592398504512421820e-01,4.136626475022414162e-08
3.650000000000000000e+05,3.183128453295731575e+00,1.216120806144267430e+00,-7.627328487699863713e-02,-3.332802737424679435e+03,-1.276758658753220516e+03,7.987486829931216903e+01,-3.504136950437887421e+00,1.019901929800203888e+01,3.343958267177021132e-02,4.164933389461996119e-08
